MT    36
    1    1     -12.666000     -12.666000
  4
   0.001 -9.4016E-05  6.9950E-05  6.0537E-04 -6.0575E-04 -6.0464E-04  6.0605E-04  1.0502E-04 -8.0212E-05  4.2812E-05  4.2812E-05  4.2812E-05  4.2812E-05  4.2812E-05  4.2812E-05  4.2812E-05  4.2812E-05
    0.01 -2.6607E-04  6.2436E-05  1.8984E-03 -1.9048E-03 -1.8947E-03  1.9151E-03  2.9811E-04 -8.8669E-05  1.3458E-04  1.3458E-04  1.3458E-04  1.3458E-04  1.3458E-04  1.3458E-04  1.3458E-04  1.3458E-04
     0.1 -1.8101E-04 -3.2746E-04  5.7115E-03 -6.9946E-03 -5.6983E-03  7.1323E-03  2.4929E-04  2.2983E-04  4.5398E-04  4.5398E-04  4.5398E-04  4.5398E-04  4.5398E-04  4.5398E-04  4.5398E-04  4.5398E-04
       1  1.1118E-04 -1.1945E-03  2.0329E-02 -2.5178E-02 -2.0381E-02  2.6987E-02  3.8794E-04  7.4504E-04  1.6541E-03  1.6541E-03  1.6541E-03  1.6541E-03  1.6541E-03  1.6541E-03  1.6541E-03  1.6541E-03
    2    2     -12.666000      -8.666000
  4
   0.001 -9.5131E-05  6.9952E-05  6.0173E-04 -6.0147E-04 -5.2740E-04  5.4575E-04  9.5688E-05 -7.0694E-05  4.0178E-05  4.0178E-05  4.0178E-05  4.0178E-05  4.0178E-05  4.0178E-05  4.0178E-05  4.0178E-05
    0.01 -2.7010E-04  5.6696E-05  1.8789E-03 -1.8850E-03 -1.6669E-03  1.8351E-03  2.7224E-04 -5.7701E-05  1.2843E-04  1.2843E-04  1.2843E-04  1.2843E-04  1.2843E-04  1.2843E-04  1.2843E-04  1.2843E-04
     0.1 -2.3480E-04 -4.7736E-04  5.4413E-03 -7.2309E-03 -5.2672E-03  7.5454E-03  2.7467E-04  5.0033E-04  4.5627E-04  4.5627E-04  4.5627E-04  4.5627E-04  4.5627E-04  4.5627E-04  4.5627E-04  4.5627E-04
       1 -1.3740E-04 -2.8392E-03  2.0042E-02 -2.9067E-02 -1.9969E-02  3.0903E-02  3.6267E-04  3.7033E-03  1.8021E-03  1.8021E-03  1.8021E-03  1.8021E-03  1.8021E-03  1.8021E-03  1.8021E-03  1.8021E-03
    3    3     -12.666000      -4.666000
  4
   0.001 -4.7694E-05  2.9659E-05  6.0763E-04 -6.0629E-04 -4.4888E-04  4.8099E-04  5.8238E-05 -4.3624E-05  3.7574E-05  3.7574E-05  3.7574E-05  3.7574E-05  3.7574E-05  3.7574E-05  3.7574E-05  3.7574E-05
    0.01 -1.3219E-04 -2.2102E-05  1.8916E-03 -1.8909E-03 -1.4352E-03  1.7187E-03  1.6530E-04 -4.2313E-05  1.2236E-04  1.2236E-04  1.2236E-04  1.2236E-04  1.2236E-04  1.2236E-04  1.2236E-04  1.2236E-04
     0.1 -6.1367E-05 -6.6476E-04  5.3551E-03 -7.4136E-03 -4.8016E-03  7.6274E-03  1.4901E-04  2.3654E-04  4.5395E-04  4.5395E-04  4.5395E-04  4.5395E-04  4.5395E-04  4.5395E-04  4.5395E-04  4.5395E-04
       1 -5.5929E-05 -5.1760E-03  2.0634E-02 -3.1227E-02 -1.9527E-02  3.1916E-02 -2.9136E-04  1.0091E-03  1.8711E-03  1.8711E-03  1.8711E-03  1.8711E-03  1.8711E-03  1.8711E-03  1.8711E-03  1.8711E-03
    4    4     -12.666000       5.333000
  4
   0.001  6.9221E-05 -5.3602E-05  6.1805E-04 -6.1046E-04 -4.5997E-04  4.8707E-04 -4.1859E-05  3.2102E-05  3.8144E-05  3.8144E-05  3.8144E-05  3.8144E-05  3.8144E-05  3.8144E-05  3.8144E-05  3.8144E-05
    0.01  1.9622E-04 -5.7695E-05  1.9210E-03 -1.8636E-03 -1.4713E-03  1.6995E-03 -1.1452E-04  3.5042E-05  1.2264E-04  1.2264E-04  1.2264E-04  1.2264E-04  1.2264E-04  1.2264E-04  1.2264E-04  1.2264E-04
     0.1  1.1504E-04  1.0364E-04  5.4124E-03 -6.9939E-03 -4.9598E-03  7.1988E-03 -3.0441E-05  2.9097E-05  4.3963E-04  4.3963E-04  4.3963E-04  4.3963E-04  4.3963E-04  4.3963E-04  4.3963E-04  4.3963E-04
       1 -1.2525E-04 -7.2937E-04  2.0336E-02 -2.7024E-02 -2.0531E-02  2.6257E-02  1.5275E-04  1.4382E-03  1.6788E-03  1.6788E-03  1.6788E-03  1.6788E-03  1.6788E-03  1.6788E-03  1.6788E-03  1.6788E-03
    5    5     -12.666000       9.333000
  4
   0.001  9.8679E-05 -7.7734E-05  5.8821E-04 -5.8970E-04 -5.3672E-04  5.5188E-04 -7.0571E-05  5.2243E-05  4.0037E-05  4.0037E-05  4.0037E-05  4.0037E-05  4.0037E-05  4.0037E-05  4.0037E-05  4.0037E-05
    0.01  2.8177E-04 -9.7284E-05  1.8393E-03 -1.8603E-03 -1.6971E-03  1.8274E-03 -1.9524E-04  4.0654E-05  1.2771E-04  1.2771E-04  1.2771E-04  1.2771E-04  1.2771E-04  1.2771E-04  1.2771E-04  1.2771E-04
     0.1  2.1293E-04  5.8779E-05  5.4204E-03 -7.1542E-03 -5.3566E-03  7.2992E-03 -8.3139E-05 -1.8542E-04  4.5073E-04  4.5073E-04  4.5073E-04  4.5073E-04  4.5073E-04  4.5073E-04  4.5073E-04  4.5073E-04
       1  4.4014E-05 -1.4000E-03  2.0301E-02 -2.7596E-02 -2.0235E-02  2.7989E-02 -5.6747E-05 -3.6257E-04  1.7199E-03  1.7199E-03  1.7199E-03  1.7199E-03  1.7199E-03  1.7199E-03  1.7199E-03  1.7199E-03
    6    6     -12.666000      13.333000
  4
   0.001  1.0047E-04 -7.6789E-05  5.9796E-04 -6.0270E-04 -6.1814E-04  6.1912E-04 -9.6593E-05  7.2493E-05  4.3092E-05  4.3092E-05  4.3092E-05  4.3092E-05  4.3092E-05  4.3092E-05  4.3092E-05  4.3092E-05
    0.01  2.8834E-04 -7.2978E-05  1.8757E-03 -1.9267E-03 -1.9394E-03  1.9463E-03 -2.7042E-04  6.5514E-05  1.3591E-04  1.3591E-04  1.3591E-04  1.3591E-04  1.3591E-04  1.3591E-04  1.3591E-04  1.3591E-04
     0.1  1.7626E-04  2.9822E-04  5.7014E-03 -7.3240E-03 -5.8043E-03  7.1844E-03 -1.5698E-04 -2.3644E-04  4.6294E-04  4.6294E-04  4.6294E-04  4.6294E-04  4.6294E-04  4.6294E-04  4.6294E-04  4.6294E-04
       1 -1.9011E-04  5.5207E-04  2.0491E-02 -2.7995E-02 -2.0300E-02  2.7195E-02 -2.9387E-04 -6.4127E-04  1.7156E-03  1.7156E-03  1.7156E-03  1.7156E-03  1.7156E-03  1.7156E-03  1.7156E-03  1.7156E-03
    7    7      -8.666000     -12.666000
  4
   0.001 -8.3433E-05  6.4567E-05  5.1324E-04 -5.2989E-04 -6.0588E-04  6.0473E-04  9.7241E-05 -7.3685E-05  3.9733E-05  3.9733E-05  3.9733E-05  3.9733E-05  3.9733E-05  3.9733E-05  3.9733E-05  3.9733E-05
    0.01 -2.3779E-04  8.0334E-05  1.6248E-03 -1.7717E-03 -1.8903E-03  1.8922E-03  2.7621E-04 -7.5731E-05  1.2678E-04  1.2678E-04  1.2678E-04  1.2678E-04  1.2678E-04  1.2678E-04  1.2678E-04  1.2678E-04
     0.1 -2.4629E-04 -1.3510E-04  5.1863E-03 -7.1360E-03 -5.4662E-03  7.2331E-03  2.4125E-04  2.9336E-04  4.4716E-04  4.4716E-04  4.4716E-04  4.4716E-04  4.4716E-04  4.4716E-04  4.4716E-04  4.4716E-04
       1 -4.2185E-04 -2.4258E-04  2.0070E-02 -2.6529E-02 -2.0042E-02  2.9392E-02  3.1160E-04  1.3337E-03  1.7200E-03  1.7200E-03  1.7200E-03  1.7200E-03  1.7200E-03  1.7200E-03  1.7200E-03  1.7200E-03
    8    8      -8.666000      -8.666000
  4
   0.001 -7.4826E-05  5.6044E-05  4.9886E-04 -5.1328E-04 -5.0165E-04  5.1772E-04  6.0946E-05 -4.5353E-05  3.5916E-05  3.5916E-05  3.5916E-05  3.5916E-05  3.5916E-05  3.5916E-05  3.5916E-05  3.5916E-05
    0.01 -2.1063E-04  5.5970E-05  1.5741E-03 -1.6992E-03 -1.5829E-03  1.7259E-03  1.7011E-04 -3.9575E-05  1.1645E-04  1.1645E-04  1.1645E-04  1.1645E-04  1.1645E-04  1.1645E-04  1.1645E-04  1.1645E-04
     0.1 -1.8098E-04 -2.4282E-04  4.8439E-03 -7.0325E-03 -4.9032E-03  7.2235E-03  1.0670E-04  1.7849E-04  4.3172E-04  4.3172E-04  4.3172E-04  4.3172E-04  4.3172E-04  4.3172E-04  4.3172E-04  4.3172E-04
       1  1.3799E-05 -8.0710E-04  2.0179E-02 -2.6947E-02 -2.0567E-02  2.8391E-02  1.9914E-04  5.3755E-04  1.7177E-03  1.7177E-03  1.7177E-03  1.7177E-03  1.7177E-03  1.7177E-03  1.7177E-03  1.7177E-03
    9    9      -8.666000      -4.666000
  4
   0.001 -4.6990E-05  3.6345E-05  4.7768E-04 -4.9502E-04 -4.0106E-04  4.3458E-04  3.5821E-05 -2.7625E-05  3.1891E-05  3.1891E-05  3.1891E-05  3.1891E-05  3.1891E-05  3.1891E-05  3.1891E-05  3.1891E-05
    0.01 -1.3140E-04  4.9920E-05  1.5078E-03 -1.6564E-03 -1.2893E-03  1.5713E-03  9.9258E-05 -3.4189E-05  1.0668E-04  1.0668E-04  1.0668E-04  1.0668E-04  1.0668E-04  1.0668E-04  1.0668E-04  1.0668E-04
     0.1 -1.0825E-04 -1.8963E-05  4.6472E-03 -7.1255E-03 -4.3706E-03  7.2208E-03  4.0354E-05 -1.3007E-05  4.2368E-04  4.2368E-04  4.2368E-04  4.2368E-04  4.2368E-04  4.2368E-04  4.2368E-04  4.2368E-04
       1  2.0041E-04  1.1634E-03  2.0559E-02 -2.7607E-02 -2.0678E-02  2.7644E-02 -1.2670E-05 -1.2820E-03  1.7236E-03  1.7236E-03  1.7236E-03  1.7236E-03  1.7236E-03  1.7236E-03  1.7236E-03  1.7236E-03
   10   10      -8.666000       5.333000
  4
   0.001  5.6887E-05 -4.4294E-05  4.8400E-04 -4.9729E-04 -4.2432E-04  4.5289E-04 -4.4940E-05  3.5354E-05  3.2813E-05  3.2813E-05  3.2813E-05  3.2813E-05  3.2813E-05  3.2813E-05  3.2813E-05  3.2813E-05
    0.01  1.6135E-04 -5.1034E-05  1.5248E-03 -1.6375E-03 -1.3600E-03  1.5946E-03 -1.2331E-04  4.8121E-05  1.0828E-04  1.0828E-04  1.0828E-04  1.0828E-04  1.0828E-04  1.0828E-04  1.0828E-04  1.0828E-04
     0.1  1.1087E-04  8.4314E-05  4.6669E-03 -6.8740E-03 -4.5286E-03  7.0412E-03 -7.8049E-05  7.9028E-05  4.1700E-04  4.1700E-04  4.1700E-04  4.1700E-04  4.1700E-04  4.1700E-04  4.1700E-04  4.1700E-04
       1 -3.3447E-04 -8.0048E-04  2.0498E-02 -2.5074E-02 -2.0444E-02  2.5837E-02  9.5396E-05  1.8135E-03  1.6333E-03  1.6333E-03  1.6333E-03  1.6333E-03  1.6333E-03  1.6333E-03  1.6333E-03  1.6333E-03
   11   11      -8.666000       9.333000
  4
   0.001  7.0810E-05 -5.4339E-05  5.0024E-04 -5.1421E-04 -5.1932E-04  5.3114E-04 -6.9889E-05  5.2626E-05  3.6500E-05  3.6500E-05  3.6500E-05  3.6500E-05  3.6500E-05  3.6500E-05  3.6500E-05  3.6500E-05
    0.01  2.0048E-04 -5.4823E-05  1.5799E-03 -1.7000E-03 -1.6385E-03  1.7352E-03 -1.9292E-04  5.0699E-05  1.1767E-04  1.1767E-04  1.1767E-04  1.1767E-04  1.1767E-04  1.1767E-04  1.1767E-04  1.1767E-04
     0.1  1.2751E-04  1.4639E-04  4.9445E-03 -6.9361E-03 -5.0603E-03  6.9842E-03 -1.0356E-04 -1.1221E-04  4.2856E-04  4.2856E-04  4.2856E-04  4.2856E-04  4.2856E-04  4.2856E-04  4.2856E-04  4.2856E-04
       1  1.8136E-05 -1.6326E-04  2.0630E-02 -2.4802E-02 -2.0694E-02  2.5341E-02 -5.1565E-05  4.6510E-04  1.6244E-03  1.6244E-03  1.6244E-03  1.6244E-03  1.6244E-03  1.6244E-03  1.6244E-03  1.6244E-03
   12   12      -8.666000      13.333000
  4
   0.001  9.1200E-05 -6.9573E-05  5.5277E-04 -5.6297E-04 -6.1975E-04  6.1673E-04 -8.9593E-05  6.5532E-05  4.1528E-05  4.1528E-05  4.1528E-05  4.1528E-05  4.1528E-05  4.1528E-05  4.1528E-05  4.1528E-05
    0.01  2.6091E-04 -6.6559E-05  1.7427E-03 -1.8363E-03 -1.9361E-03  1.9107E-03 -2.5137E-04  4.4005E-05  1.3121E-04  1.3121E-04  1.3121E-04  1.3121E-04  1.3121E-04  1.3121E-04  1.3121E-04  1.3121E-04
     0.1  2.0328E-04  2.9737E-04  5.4715E-03 -7.1004E-03 -5.6407E-03  7.1260E-03 -1.4287E-04 -4.2406E-04  4.5130E-04  4.5130E-04  4.5130E-04  4.5130E-04  4.5130E-04  4.5130E-04  4.5130E-04  4.5130E-04
       1 -5.2101E-05  1.1247E-03  2.0478E-02 -2.5453E-02 -2.0825E-02  2.6905E-02  2.2308E-04 -2.0479E-03  1.6669E-03  1.6669E-03  1.6669E-03  1.6669E-03  1.6669E-03  1.6669E-03  1.6669E-03  1.6669E-03
   13   13      -4.666000     -12.666000
  4
   0.001 -4.5274E-05  3.2891E-05  4.4604E-04 -4.7363E-04 -6.0905E-04  6.0215E-04  5.8360E-05 -4.3923E-05  3.7323E-05  3.7323E-05  3.7323E-05  3.7323E-05  3.7323E-05  3.7323E-05  3.7323E-05  3.7323E-05
    0.01 -1.2775E-04  2.3100E-05  1.4289E-03 -1.6623E-03 -1.8941E-03  1.8442E-03  1.6402E-04 -4.3618E-05  1.2036E-04  1.2036E-04  1.2036E-04  1.2036E-04  1.2036E-04  1.2036E-04  1.2036E-04  1.2036E-04
     0.1 -9.0587E-05 -2.3650E-04  4.8892E-03 -7.0296E-03 -5.4098E-03  6.9051E-03  1.1754E-04  1.5858E-04  4.3333E-04  4.3333E-04  4.3333E-04  4.3333E-04  4.3333E-04  4.3333E-04  4.3333E-04  4.3333E-04
       1  1.9427E-04 -1.1491E-03  2.0347E-02 -2.4432E-02 -2.0506E-02  2.5784E-02 -1.0550E-05  2.7683E-04  1.6182E-03  1.6182E-03  1.6182E-03  1.6182E-03  1.6182E-03  1.6182E-03  1.6182E-03  1.6182E-03
   14   14      -4.666000      -8.666000
  4
   0.001 -4.2360E-05  2.9869E-05  4.0506E-04 -4.3746E-04 -5.0156E-04  5.1292E-04  6.1560E-05 -4.6892E-05  3.2699E-05  3.2699E-05  3.2699E-05  3.2699E-05  3.2699E-05  3.2699E-05  3.2699E-05  3.2699E-05
    0.01 -1.1885E-04  1.4032E-05  1.3008E-03 -1.5727E-03 -1.5745E-03  1.6776E-03  1.7327E-04 -5.2947E-05  1.0835E-04  1.0835E-04  1.0835E-04  1.0835E-04  1.0835E-04  1.0835E-04  1.0835E-04  1.0835E-04
     0.1 -9.9748E-05 -3.1540E-04  4.3611E-03 -7.1822E-03 -4.7110E-03  7.0467E-03  1.8354E-04  1.5881E-04  4.2197E-04  4.2197E-04  4.2197E-04  4.2197E-04  4.2197E-04  4.2197E-04  4.2197E-04  4.2197E-04
       1  5.1904E-05 -2.1039E-03  2.0619E-02 -2.7621E-02 -2.0380E-02  2.7743E-02  1.5205E-04  7.1381E-04  1.7223E-03  1.7223E-03  1.7223E-03  1.7223E-03  1.7223E-03  1.7223E-03  1.7223E-03  1.7223E-03
   15   15      -4.666000      -4.666000
  4
   0.001 -3.3601E-05  2.5393E-05  3.8286E-04 -4.1526E-04 -3.8144E-04  4.1497E-04  2.2825E-05 -1.6697E-05  2.8212E-05  2.8212E-05  2.8212E-05  2.8212E-05  2.8212E-05  2.8212E-05  2.8212E-05  2.8212E-05
    0.01 -9.4072E-05  3.0256E-05  1.2302E-03 -1.4968E-03 -1.2271E-03  1.5043E-03  6.3631E-05 -1.2779E-05  9.6969E-05  9.6969E-05  9.6969E-05  9.6969E-05  9.6969E-05  9.6969E-05  9.6969E-05  9.6969E-05
     0.1 -1.2866E-04 -9.7386E-05  4.0937E-03 -7.0239E-03 -4.1366E-03  7.0768E-03  6.6588E-05  1.0796E-04  4.0817E-04  4.0817E-04  4.0817E-04  4.0817E-04  4.0817E-04  4.0817E-04  4.0817E-04  4.0817E-04
       1 -9.9826E-05 -7.5421E-04  2.0610E-02 -2.6517E-02 -2.0791E-02  2.6471E-02  1.5391E-04  9.2979E-04  1.6811E-03  1.6811E-03  1.6811E-03  1.6811E-03  1.6811E-03  1.6811E-03  1.6811E-03  1.6811E-03
   16   16      -4.666000       5.333000
  4
   0.001  2.8021E-05 -2.2772E-05  3.7429E-04 -4.0715E-04 -3.8531E-04  4.1810E-04 -1.8339E-05  1.3321E-05  2.8038E-05  2.8038E-05  2.8038E-05  2.8038E-05  2.8038E-05  2.8038E-05  2.8038E-05  2.8038E-05
    0.01  7.8030E-05 -3.3678E-05  1.2062E-03 -1.4739E-03 -1.2383E-03  1.5078E-03 -4.7936E-05  7.9226E-06  9.6385E-05  9.6385E-05  9.6385E-05  9.6385E-05  9.6385E-05  9.6385E-05  9.6385E-05  9.6385E-05
     0.1  2.9215E-05 -8.8562E-05  4.0587E-03 -6.8908E-03 -4.0992E-03  7.0890E-03  1.8480E-05 -1.1400E-05  4.0462E-04  4.0462E-04  4.0462E-04  4.0462E-04  4.0462E-04  4.0462E-04  4.0462E-04  4.0462E-04
       1 -9.7742E-05 -1.8997E-03  2.0554E-02 -2.5217E-02 -2.0618E-02  2.7550E-02  1.8987E-04  8.0680E-04  1.6729E-03  1.6729E-03  1.6729E-03  1.6729E-03  1.6729E-03  1.6729E-03  1.6729E-03  1.6729E-03
   17   17      -4.666000       9.333000
  4
   0.001  5.3357E-05 -3.8370E-05  4.0490E-04 -4.3600E-04 -5.2927E-04  5.3924E-04 -3.8462E-05  2.7558E-05  3.3525E-05  3.3525E-05  3.3525E-05  3.3525E-05  3.3525E-05  3.3525E-05  3.3525E-05  3.3525E-05
    0.01  1.5134E-04 -1.6395E-05  1.3021E-03 -1.5601E-03 -1.6608E-03  1.7479E-03 -1.0332E-04  1.3324E-05  1.1068E-04  1.1068E-04  1.1068E-04  1.1068E-04  1.1068E-04  1.1068E-04  1.1068E-04  1.1068E-04
     0.1  1.0855E-04  3.9440E-04  4.4422E-03 -6.9746E-03 -4.9524E-03  7.2285E-03 -2.0306E-05 -1.3305E-04  4.2561E-04  4.2561E-04  4.2561E-04  4.2561E-04  4.2561E-04  4.2561E-04  4.2561E-04  4.2561E-04
       1 -3.2023E-04  2.4446E-03  2.0481E-02 -2.4779E-02 -2.0589E-02  2.8556E-02  1.0963E-04 -1.6918E-04  1.6821E-03  1.6821E-03  1.6821E-03  1.6821E-03  1.6821E-03  1.6821E-03  1.6821E-03  1.6821E-03
   18   18      -4.666000      13.333000
  4
   0.001  2.6569E-05 -2.0965E-05  4.4615E-04 -4.7731E-04 -6.2279E-04  6.1780E-04 -5.2386E-05  3.8871E-05  3.7853E-05  3.7853E-05  3.7853E-05  3.7853E-05  3.7853E-05  3.7853E-05  3.7853E-05  3.7853E-05
    0.01  7.4593E-05 -2.0365E-05  1.4284E-03 -1.7011E-03 -1.9398E-03  1.8997E-03 -1.4500E-04  3.0294E-05  1.2279E-04  1.2279E-04  1.2279E-04  1.2279E-04  1.2279E-04  1.2279E-04  1.2279E-04  1.2279E-04
     0.1 -6.0828E-05 -6.7264E-05  4.8748E-03 -7.4198E-03 -5.4732E-03  7.2084E-03 -6.3143E-05 -1.4989E-04  4.4819E-04  4.4819E-04  4.4819E-04  4.4819E-04  4.4819E-04  4.4819E-04  4.4819E-04  4.4819E-04
       1 -1.9816E-04 -2.1741E-03  2.0189E-02 -2.8571E-02 -2.0160E-02  2.9222E-02  1.6964E-04 -4.7675E-05  1.7621E-03  1.7621E-03  1.7621E-03  1.7621E-03  1.7621E-03  1.7621E-03  1.7621E-03  1.7621E-03
   19   19       5.333000     -12.666000
  4
   0.001  3.9027E-05 -2.9315E-05  4.5565E-04 -4.8363E-04 -6.1206E-04  6.0533E-04 -7.1030E-05  5.5782E-05  3.7815E-05  3.7815E-05  3.7815E-05  3.7815E-05  3.7815E-05  3.7815E-05  3.7815E-05  3.7815E-05
    0.01  1.0652E-04 -2.6093E-05  1.4575E-03 -1.6962E-03 -1.9028E-03  1.8559E-03 -2.0143E-04  7.5502E-05  1.2191E-04  1.2191E-04  1.2191E-04  1.2191E-04  1.2191E-04  1.2191E-04  1.2191E-04  1.2191E-04
     0.1 -8.2176E-06  1.5869E-05  4.9276E-03 -7.2216E-03 -5.4092E-03  6.9792E-03 -1.5590E-04 -1.8308E-05  4.3931E-04  4.3931E-04  4.3931E-04  4.3931E-04  4.3931E-04  4.3931E-04  4.3931E-04  4.3931E-04
       1 -3.7203E-04 -1.3530E-03  2.0163E-02 -2.6737E-02 -2.0367E-02  2.6821E-02  2.4771E-04  1.5939E-03  1.6791E-03  1.6791E-03  1.6791E-03  1.6791E-03  1.6791E-03  1.6791E-03  1.6791E-03  1.6791E-03
   20   20       5.333000      -8.666000
  4
   0.001  2.8778E-05 -2.1681E-05  4.1487E-04 -4.4734E-04 -4.6228E-04  4.8138E-04 -4.9273E-05  4.0365E-05  3.1906E-05  3.1906E-05  3.1906E-05  3.1906E-05  3.1906E-05  3.1906E-05  3.1906E-05  3.1906E-05
    0.01  7.7822E-05 -1.9296E-05  1.3306E-03 -1.6039E-03 -1.4616E-03  1.6272E-03 -1.3772E-04  6.9631E-05  1.0675E-04  1.0675E-04  1.0675E-04  1.0675E-04  1.0675E-04  1.0675E-04  1.0675E-04  1.0675E-04
     0.1  1.6855E-06 -1.4562E-06  4.4594E-03 -7.3123E-03 -4.5491E-03  7.0677E-03 -1.3734E-04  1.8347E-04  4.2423E-04  4.2423E-04  4.2423E-04  4.2423E-04  4.2423E-04  4.2423E-04  4.2423E-04  4.2423E-04
       1 -4.8472E-05 -9.1557E-04  2.0735E-02 -2.8427E-02 -2.0399E-02  2.7461E-02 -9.1530E-05  2.4603E-03  1.7347E-03  1.7347E-03  1.7347E-03  1.7347E-03  1.7347E-03  1.7347E-03  1.7347E-03  1.7347E-03
   21   21       5.333000      -4.666000
  4
   0.001  3.7307E-05 -3.1099E-05  4.1058E-04 -4.3822E-04 -3.8556E-04  4.1924E-04 -2.6752E-05  1.8721E-05  2.9242E-05  2.9242E-05  2.9242E-05  2.9242E-05  2.9242E-05  2.9242E-05  2.9242E-05  2.9242E-05
    0.01  1.0385E-04 -5.7177E-05  1.3106E-03 -1.5393E-03 -1.2380E-03  1.5207E-03 -7.3139E-05  6.2520E-06  9.9552E-05  9.9552E-05  9.9552E-05  9.9552E-05  9.9552E-05  9.9552E-05  9.9552E-05  9.9552E-05
     0.1  1.1292E-04 -1.7872E-04  4.2103E-03 -7.0452E-03 -4.1353E-03  7.1927E-03 -2.6875E-05 -1.7138E-04  4.1260E-04  4.1260E-04  4.1260E-04  4.1260E-04  4.1260E-04  4.1260E-04  4.1260E-04  4.1260E-04
       1  1.6692E-04 -2.1582E-03  2.0408E-02 -2.7497E-02 -2.0679E-02  2.8096E-02  2.7143E-04 -6.7790E-04  1.7281E-03  1.7281E-03  1.7281E-03  1.7281E-03  1.7281E-03  1.7281E-03  1.7281E-03  1.7281E-03
   22   22       5.333000       5.333000
  4
   0.001 -3.0299E-05  2.3593E-05  3.9221E-04 -4.2356E-04 -4.1109E-04  4.3817E-04  4.4465E-05 -3.3345E-05  2.9446E-05  2.9446E-05  2.9446E-05  2.9446E-05  2.9446E-05  2.9446E-05  2.9446E-05  2.9446E-05
    0.01 -8.3181E-05  3.4617E-05  1.2602E-03 -1.5162E-03 -1.3136E-03  1.5368E-03  1.2557E-04 -3.4120E-05  9.9825E-05  9.9825E-05  9.9825E-05  9.9825E-05  9.9825E-05  9.9825E-05  9.9825E-05  9.9825E-05
     0.1 -7.7150E-05  3.9014E-05  4.1941E-03 -6.9980E-03 -4.2858E-03  6.9470E-03  1.1823E-04  1.7341E-04  4.0803E-04  4.0803E-04  4.0803E-04  4.0803E-04  4.0803E-04  4.0803E-04  4.0803E-04  4.0803E-04
       1 -2.3985E-04  7.5110E-04  2.0678E-02 -2.5939E-02 -2.0558E-02  2.5705E-02 -3.8191E-05  7.4022E-04  1.6522E-03  1.6522E-03  1.6522E-03  1.6522E-03  1.6522E-03  1.6522E-03  1.6522E-03  1.6522E-03
   23   23       5.333000       9.333000
  4
   0.001 -3.1162E-05  2.2113E-05  4.1800E-04 -4.4864E-04 -5.0890E-04  5.1835E-04  4.7645E-05 -3.6980E-05  3.3370E-05  3.3370E-05  3.3370E-05  3.3370E-05  3.3370E-05  3.3370E-05  3.3370E-05  3.3370E-05
    0.01 -8.3741E-05  1.3817E-05  1.3418E-03 -1.5969E-03 -1.6016E-03  1.6792E-03  1.3417E-04 -4.8282E-05  1.1000E-04  1.1000E-04  1.1000E-04  1.1000E-04  1.1000E-04  1.1000E-04  1.1000E-04  1.1000E-04
     0.1 -4.8833E-06 -9.3666E-05  4.4930E-03 -7.1291E-03 -4.8555E-03  6.8083E-03  8.1431E-05  1.5180E-05  4.1972E-04  4.1972E-04  4.1972E-04  4.1972E-04  4.1972E-04  4.1972E-04  4.1972E-04  4.1972E-04
       1 -7.1600E-06  1.4250E-04  2.0321E-02 -2.6793E-02 -2.0447E-02  2.4507E-02 -2.2667E-04 -1.2212E-03  1.6380E-03  1.6380E-03  1.6380E-03  1.6380E-03  1.6380E-03  1.6380E-03  1.6380E-03  1.6380E-03
   24   24       5.333000      13.333000
  4
   0.001 -4.0073E-05  3.1620E-05  4.6676E-04 -4.9771E-04 -6.2741E-04  6.1995E-04  6.3139E-05 -4.9203E-05  3.8789E-05  3.8789E-05  3.8789E-05  3.8789E-05  3.8789E-05  3.8789E-05  3.8789E-05  3.8789E-05
    0.01 -1.0978E-04  4.8696E-05  1.4927E-03 -1.7622E-03 -1.9517E-03  1.8949E-03  1.7882E-04 -6.6156E-05  1.2532E-04  1.2532E-04  1.2532E-04  1.2532E-04  1.2532E-04  1.2532E-04  1.2532E-04  1.2532E-04
     0.1 -5.5244E-05  1.3917E-04  5.0346E-03 -7.6490E-03 -5.5457E-03  7.0639E-03  1.2614E-04  1.9609E-05  4.5343E-04  4.5343E-04  4.5343E-04  4.5343E-04  4.5343E-04  4.5343E-04  4.5343E-04  4.5343E-04
       1 -4.4106E-04  2.0407E-03  2.0457E-02 -3.0403E-02 -2.0466E-02  2.7238E-02 -1.5445E-04 -1.3697E-03  1.7667E-03  1.7667E-03  1.7667E-03  1.7667E-03  1.7667E-03  1.7667E-03  1.7667E-03  1.7667E-03
   25   25       9.333000     -12.666000
  4
   0.001  8.2269E-05 -6.3018E-05  5.4327E-04 -5.5560E-04 -6.1285E-04  6.0856E-04 -1.1154E-04  8.8113E-05  4.0961E-05  4.0961E-05  4.0961E-05  4.0961E-05  4.0961E-05  4.0961E-05  4.0961E-05  4.0961E-05
    0.01  2.3102E-04 -6.8902E-05  1.7152E-03 -1.8216E-03 -1.9108E-03  1.8846E-03 -3.1877E-04  1.2297E-04  1.2957E-04  1.2957E-04  1.2957E-04  1.2957E-04  1.2957E-04  1.2957E-04  1.2957E-04  1.2957E-04
     0.1  1.4190E-04  1.1046E-04  5.3686E-03 -7.1524E-03 -5.5542E-03  7.0160E-03 -3.0402E-04 -4.9608E-05  4.4729E-04  4.4729E-04  4.4729E-04  4.4729E-04  4.4729E-04  4.4729E-04  4.4729E-04  4.4729E-04
       1  4.5852E-05 -6.5756E-04  2.0312E-02 -2.6747E-02 -2.0420E-02  2.6639E-02 -1.1929E-04  1.5125E-03  1.6788E-03  1.6788E-03  1.6788E-03  1.6788E-03  1.6788E-03  1.6788E-03  1.6788E-03  1.6788E-03
   26   26       9.333000      -8.666000
  4
   0.001  8.1216E-05 -6.3833E-05  5.2495E-04 -5.3360E-04 -5.1219E-04  5.2527E-04 -8.7785E-05  6.7491E-05  3.7053E-05  3.7053E-05  3.7053E-05  3.7053E-05  3.7053E-05  3.7053E-05  3.7053E-05  3.7053E-05
    0.01  2.2748E-04 -8.6170E-05  1.6531E-03 -1.7233E-03 -1.6134E-03  1.7322E-03 -2.4768E-04  8.0196E-05  1.1888E-04  1.1888E-04  1.1888E-04  1.1888E-04  1.1888E-04  1.1888E-04  1.1888E-04  1.1888E-04
     0.1  1.8306E-04 -3.1051E-05  5.0618E-03 -6.8037E-03 -5.0188E-03  7.0846E-03 -2.2501E-04 -1.5866E-04  4.2903E-04  4.2903E-04  4.2903E-04  4.2903E-04  4.2903E-04  4.2903E-04  4.2903E-04  4.2903E-04
       1  1.0389E-04 -1.8578E-03  2.0169E-02 -2.4102E-02 -2.0743E-02  2.6389E-02  7.6530E-05  1.8312E-04  1.6239E-03  1.6239E-03  1.6239E-03  1.6239E-03  1.6239E-03  1.6239E-03  1.6239E-03  1.6239E-03
   27   27       9.333000      -4.666000
  4
   0.001  3.4887E-05 -2.4853E-05  4.7786E-04 -4.9185E-04 -4.1435E-04  4.4699E-04 -3.6318E-05  2.5881E-05  3.2325E-05  3.2325E-05  3.2325E-05  3.2325E-05  3.2325E-05  3.2325E-05  3.2325E-05  3.2325E-05
    0.01  9.5500E-05 -9.3377E-06  1.5084E-03 -1.6215E-03 -1.3288E-03  1.6084E-03 -9.9247E-05  1.2486E-05  1.0748E-04  1.0748E-04  1.0748E-04  1.0748E-04  1.0748E-04  1.0748E-04  1.0748E-04  1.0748E-04
     0.1  3.5085E-05  1.8024E-04  4.5999E-03 -6.8043E-03 -4.4905E-03  7.3148E-03 -3.2712E-05 -1.6812E-04  4.1981E-04  4.1981E-04  4.1981E-04  4.1981E-04  4.1981E-04  4.1981E-04  4.1981E-04  4.1981E-04
       1  2.0880E-06  9.1893E-04  2.0364E-02 -2.5092E-02 -2.0767E-02  2.8391E-02  7.0783E-05 -5.4586E-04  1.6858E-03  1.6858E-03  1.6858E-03  1.6858E-03  1.6858E-03  1.6858E-03  1.6858E-03  1.6858E-03
   28   28       9.333000       5.333000
  4
   0.001 -4.5209E-05  3.1618E-05  5.2826E-04 -5.4032E-04 -4.2237E-04  4.5326E-04  2.8543E-05 -1.8794E-05  3.4211E-05  3.4211E-05  3.4211E-05  3.4211E-05  3.4211E-05  3.4211E-05  3.4211E-05  3.4211E-05
    0.01 -1.2625E-04  1.3301E-05  1.6594E-03 -1.7657E-03 -1.3534E-03  1.6156E-03  7.8945E-05  5.2816E-06  1.1299E-04  1.1299E-04  1.1299E-04  1.1299E-04  1.1299E-04  1.1299E-04  1.1299E-04  1.1299E-04
     0.1 -1.0764E-04 -3.3965E-04  5.0074E-03 -7.3697E-03 -4.5648E-03  7.2439E-03  2.6630E-05  3.0043E-04  4.3672E-04  4.3672E-04  4.3672E-04  4.3672E-04  4.3672E-04  4.3672E-04  4.3672E-04  4.3672E-04
       1 -2.7783E-04 -2.7361E-03  2.1270E-02 -2.8866E-02 -2.0549E-02  2.7385E-02 -2.7678E-05  2.2393E-03  1.7519E-03  1.7519E-03  1.7519E-03  1.7519E-03  1.7519E-03  1.7519E-03  1.7519E-03  1.7519E-03
   29   29       9.333000       9.333000
  4
   0.001 -6.4264E-05  4.9786E-05  4.9585E-04 -5.1119E-04 -5.2707E-04  5.3681E-04  7.8528E-05 -6.1267E-05  3.6598E-05  3.6598E-05  3.6598E-05  3.6598E-05  3.6598E-05  3.6598E-05  3.6598E-05  3.6598E-05
    0.01 -1.7791E-04  6.6989E-05  1.5709E-03 -1.6967E-03 -1.6600E-03  1.7441E-03  2.2209E-04 -8.0785E-05  1.1798E-04  1.1798E-04  1.1798E-04  1.1798E-04  1.1798E-04  1.1798E-04  1.1798E-04  1.1798E-04
     0.1 -1.1407E-04  4.7628E-05  4.9605E-03 -6.8892E-03 -5.1063E-03  6.9389E-03  1.6877E-04  2.9214E-05  4.2760E-04  4.2760E-04  4.2760E-04  4.2760E-04  4.2760E-04  4.2760E-04  4.2760E-04  4.2760E-04
       1 -1.0396E-04  1.8734E-03  2.0403E-02 -2.4235E-02 -2.0403E-02  2.5117E-02  1.4494E-04 -1.3225E-03  1.6009E-03  1.6009E-03  1.6009E-03  1.6009E-03  1.6009E-03  1.6009E-03  1.6009E-03  1.6009E-03
   30   30       9.333000      13.333000
  4
   0.001 -6.7014E-05  4.8002E-05  5.3034E-04 -5.4680E-04 -6.2166E-04  6.1786E-04  8.9282E-05 -6.7648E-05  4.0855E-05  4.0855E-05  4.0855E-05  4.0855E-05  4.0855E-05  4.0855E-05  4.0855E-05  4.0855E-05
    0.01 -1.8536E-04  2.9476E-05  1.6800E-03 -1.8221E-03 -1.9402E-03  1.9153E-03  2.5398E-04 -7.1392E-05  1.2997E-04  1.2997E-04  1.2997E-04  1.2997E-04  1.2997E-04  1.2997E-04  1.2997E-04  1.2997E-04
     0.1 -8.6166E-05 -3.0398E-04  5.3511E-03 -7.2773E-03 -5.6454E-03  7.1187E-03  1.8816E-04  2.5148E-04  4.5296E-04  4.5296E-04  4.5296E-04  4.5296E-04  4.5296E-04  4.5296E-04  4.5296E-04  4.5296E-04
       1 -1.5448E-04 -1.4841E-03  2.0259E-02 -2.7294E-02 -2.0272E-02  2.7364E-02  1.2062E-04  5.9882E-04  1.7011E-03  1.7011E-03  1.7011E-03  1.7011E-03  1.7011E-03  1.7011E-03  1.7011E-03  1.7011E-03
   31   31      13.333000     -12.666000
  4
   0.001  1.0047E-04 -7.5372E-05  6.2399E-04 -6.2129E-04 -6.0812E-04  6.0851E-04 -1.0693E-04  8.4244E-05  4.3518E-05  4.3518E-05  4.3518E-05  4.3518E-05  4.3518E-05  4.3518E-05  4.3518E-05  4.3518E-05
    0.01  2.8287E-04 -6.8855E-05  1.9542E-03 -1.9309E-03 -1.9051E-03  1.9183E-03 -3.0346E-04  1.1603E-04  1.3627E-04  1.3627E-04  1.3627E-04  1.3627E-04  1.3627E-04  1.3627E-04  1.3627E-04  1.3627E-04
     0.1  1.7890E-04  2.9679E-04  5.8203E-03 -6.9561E-03 -5.7766E-03  7.0562E-03 -2.3546E-04  2.2977E-05  4.5473E-04  4.5473E-04  4.5473E-04  4.5473E-04  4.5473E-04  4.5473E-04  4.5473E-04  4.5473E-04
       1  3.7878E-05  9.2980E-04  2.0085E-02 -2.5475E-02 -2.0492E-02  2.5753E-02 -2.6169E-05  2.4640E-03  1.6337E-03  1.6337E-03  1.6337E-03  1.6337E-03  1.6337E-03  1.6337E-03  1.6337E-03  1.6337E-03
   32   32      13.333000      -8.666000
  4
   0.001  1.0066E-04 -7.9203E-05  6.2106E-04 -6.1553E-04 -5.2077E-04  5.3709E-04 -8.0905E-05  6.2914E-05  4.0440E-05  4.0440E-05  4.0440E-05  4.0440E-05  4.0440E-05  4.0440E-05  4.0440E-05  4.0440E-05
    0.01  2.8548E-04 -1.0512E-04  1.9395E-03 -1.8904E-03 -1.6459E-03  1.7960E-03 -2.2867E-04  7.8862E-05  1.2843E-04  1.2843E-04  1.2843E-04  1.2843E-04  1.2843E-04  1.2843E-04  1.2843E-04  1.2843E-04
     0.1  2.1638E-04  1.3176E-05  5.5932E-03 -6.9136E-03 -5.2535E-03  7.2497E-03 -1.6697E-04 -4.8798E-05  4.4614E-04  4.4614E-04  4.4614E-04  4.4614E-04  4.4614E-04  4.4614E-04  4.4614E-04  4.4614E-04
       1 -1.5536E-04 -2.0789E-03  1.9985E-02 -2.5800E-02 -2.0144E-02  2.7740E-02  2.5147E-04  1.4167E-03  1.6724E-03  1.6724E-03  1.6724E-03  1.6724E-03  1.6724E-03  1.6724E-03  1.6724E-03  1.6724E-03
   33   33      13.333000      -4.666000
  4
   0.001  6.7455E-05 -5.1404E-05  6.3950E-04 -6.2951E-04 -4.6109E-04  4.8886E-04 -4.5304E-05  3.3132E-05  3.8827E-05  3.8827E-05  3.8827E-05  3.8827E-05  3.8827E-05  3.8827E-05  3.8827E-05  3.8827E-05
    0.01  1.9023E-04 -5.3586E-05  1.9898E-03 -1.9033E-03 -1.4720E-03  1.7170E-03 -1.2663E-04  2.3434E-05  1.2477E-04  1.2477E-04  1.2477E-04  1.2477E-04  1.2477E-04  1.2477E-04  1.2477E-04  1.2477E-04
     0.1  1.3876E-04  1.5849E-04  5.5789E-03 -6.9539E-03 -4.9837E-03  7.3258E-03 -6.4903E-05 -1.9268E-04  4.4438E-04  4.4438E-04  4.4438E-04  4.4438E-04  4.4438E-04  4.4438E-04  4.4438E-04  4.4438E-04
       1 -1.6107E-04  7.2153E-05  2.0140E-02 -2.6613E-02 -2.0228E-02  2.7739E-02  2.8316E-04 -6.5147E-04  1.6925E-03  1.6925E-03  1.6925E-03  1.6925E-03  1.6925E-03  1.6925E-03  1.6925E-03  1.6925E-03
   34   34      13.333000       5.333000
  4
   0.001 -6.1496E-05  4.6532E-05  6.3695E-04 -6.2772E-04 -4.5311E-04  4.8218E-04  3.3288E-05 -2.5300E-05  3.8462E-05  3.8462E-05  3.8462E-05  3.8462E-05  3.8462E-05  3.8462E-05  3.8462E-05  3.8462E-05
    0.01 -1.7211E-04  5.2083E-05  1.9827E-03 -1.9039E-03 -1.4499E-03  1.7034E-03  9.4061E-05 -2.6006E-05  1.2399E-04  1.2399E-04  1.2399E-04  1.2399E-04  1.2399E-04  1.2399E-04  1.2399E-04  1.2399E-04
     0.1 -1.0535E-04 -9.9416E-05  5.5971E-03 -6.9772E-03 -4.9832E-03  7.2748E-03  4.1338E-05  5.5056E-05  4.4406E-04  4.4406E-04  4.4406E-04  4.4406E-04  4.4406E-04  4.4406E-04  4.4406E-04  4.4406E-04
       1  5.6048E-05  5.6359E-04  2.0478E-02 -2.6172E-02 -2.0527E-02  2.6673E-02  1.8441E-04 -1.5870E-04  1.6722E-03  1.6722E-03  1.6722E-03  1.6722E-03  1.6722E-03  1.6722E-03  1.6722E-03  1.6722E-03
   35   35      13.333000       9.333000
  4
   0.001 -1.0569E-04  7.9293E-05  6.2461E-04 -6.2016E-04 -5.4455E-04  5.5820E-04  8.3215E-05 -6.0424E-05  4.1424E-05  4.1424E-05  4.1424E-05  4.1424E-05  4.1424E-05  4.1424E-05  4.1424E-05  4.1424E-05
    0.01 -2.9969E-04  7.9555E-05  1.9522E-03 -1.9131E-03 -1.7197E-03  1.8435E-03  2.3666E-04 -3.9312E-05  1.3125E-04  1.3125E-04  1.3125E-04  1.3125E-04  1.3125E-04  1.3125E-04  1.3125E-04  1.3125E-04
     0.1 -2.4952E-04 -3.7055E-04  5.6551E-03 -7.0350E-03 -5.4479E-03  7.2715E-03  1.6944E-04  4.9894E-04  4.5280E-04  4.5280E-04  4.5280E-04  4.5280E-04  4.5280E-04  4.5280E-04  4.5280E-04  4.5280E-04
       1 -2.0600E-04 -1.6148E-03  2.0348E-02 -2.6196E-02 -2.0313E-02  2.7507E-02  6.5999E-06  3.2163E-03  1.6839E-03  1.6839E-03  1.6839E-03  1.6839E-03  1.6839E-03  1.6839E-03  1.6839E-03  1.6839E-03
   36   36      13.333000      13.333000
  4
   0.001 -8.9488E-05  6.7070E-05  6.1976E-04 -6.2550E-04 -6.1097E-04  6.1250E-04  9.3511E-05 -6.9235E-05  4.3640E-05  4.3640E-05  4.3640E-05  4.3640E-05  4.3640E-05  4.3640E-05  4.3640E-05  4.3640E-05
    0.01 -2.4945E-04  6.7279E-05  1.9483E-03 -1.9997E-03 -1.9170E-03  1.9361E-03  2.6548E-04 -5.7650E-05  1.3790E-04  1.3790E-04  1.3790E-04  1.3790E-04  1.3790E-04  1.3790E-04  1.3790E-04  1.3790E-04
     0.1 -9.7159E-05 -1.3734E-04  5.8708E-03 -7.5775E-03 -5.8161E-03  7.1223E-03  1.4124E-04  3.7651E-04  4.6942E-04  4.6942E-04  4.6942E-04  4.6942E-04  4.6942E-04  4.6942E-04  4.6942E-04  4.6942E-04
       1 -1.9536E-04  7.9682E-04  2.0737E-02 -3.0223E-02 -2.0294E-02  2.6644E-02 -2.7901E-04  1.2622E-03  1.7519E-03  1.7519E-03  1.7519E-03  1.7519E-03  1.7519E-03  1.7519E-03  1.7519E-03  1.7519E-03
END
