APP_RES_AND_PHS    36
    1    1     -13.000000     -13.000000
  5
0.001  8.3527E-02  1.4273E+02  4.1377E+00 -4.4894E+01  2.7073E+00  1.3511E+02  5.4652E-02 -3.7275E+01 -1.0000E+00 -1.0000E+00  2.0689E-01  2.8660E+00  2.0689E-01  4.3827E+00 -1.0000E+00 -1.0000E+00
 0.01  4.5730E-02  1.6412E+02  4.0282E+00 -4.4477E+01  2.6356E+00  1.3552E+02  2.9921E-02 -1.5878E+01 -1.0000E+00 -1.0000E+00  2.0141E-01  2.8660E+00  2.0141E-01  4.3827E+00 -1.0000E+00 -1.0000E+00
  0.1  4.4779E-03 -1.2905E+02  4.2705E+00 -4.8106E+01  2.7942E+00  1.3189E+02  2.9299E-03  5.0947E+01 -1.0000E+00 -1.0000E+00  2.1353E-01  2.8660E+00  2.1353E-01  4.3827E+00 -1.0000E+00 -1.0000E+00
    1  3.9240E-06  4.9832E+01  4.5545E+00 -4.4626E+01  2.9800E+00  1.3537E+02  2.5675E-06 -1.3017E+02 -1.0000E+00 -1.0000E+00  2.2773E-01  2.8660E+00  2.2773E-01  4.3827E+00 -1.0000E+00 -1.0000E+00
   10  1.1105E-12 -1.2576E+02  4.6339E+00 -4.5831E+01  3.0319E+00  1.3417E+02  7.2662E-13  5.4237E+01 -1.0000E+00 -1.0000E+00  2.3169E-01  2.8660E+00  2.3169E-01  4.3827E+00 -1.0000E+00 -1.0000E+00
    2    2     -13.000000      -9.000000
  5
0.001  4.8305E-01  1.4260E+02  2.6361E+01 -4.4680E+01  1.5871E-01  1.3440E+02  2.7560E-03 -3.7293E+01 -1.0000E+00 -1.0000E+00  1.3181E+00  2.8660E+00  1.3181E+00 -1.0000E+00 -1.0000E+00 -1.0000E+00
 0.01  2.6617E-01  1.6341E+02  2.5127E+01 -4.3874E+01  1.6373E-01  1.3369E+02  1.5049E-03 -1.6055E+01 -1.0000E+00 -1.0000E+00  1.2564E+00  2.8660E+00  1.2564E+00 -1.0000E+00 -1.0000E+00 -1.0000E+00
  0.1  2.8434E-02 -1.3265E+02  2.5929E+01 -4.8573E+01  1.9982E-01  1.2959E+02  1.5361E-04  4.9210E+01 -1.0000E+00 -1.0000E+00  1.2965E+00  2.8660E+00  1.2965E+00 -1.0000E+00 -1.0000E+00 -1.0000E+00
    1  3.3101E-05  4.4773E+01  2.8688E+01 -4.4547E+01  2.2227E-01  1.3554E+02  1.5042E-07 -1.3417E+02 -1.0000E+00 -1.0000E+00  1.4344E+00  2.8660E+00  1.4344E+00 -1.0000E+00 -1.0000E+00 -1.0000E+00
   10  1.4820E-11 -1.2844E+02  2.9056E+01 -4.5832E+01  2.2476E-01  1.3417E+02  5.5890E-14  4.7780E+01 -1.0000E+00 -1.0000E+00  1.4528E+00  2.8660E+00  1.4528E+00 -1.0000E+00 -1.0000E+00 -1.0000E+00
    3    3     -13.000000      -5.000000
  5
0.001  7.4199E-02  1.4256E+02  8.8328E+00 -4.4534E+01  7.6554E+01  1.3350E+02  5.8510E-01 -3.7245E+01 -1.0000E+00 -1.0000E+00  3.8277E+00  2.5681E+01  3.8277E+00  2.8660E+00 -1.0000E+00 -1.0000E+00
 0.01  4.0926E-02  1.6313E+02  8.2955E+00 -4.3453E+01  8.5116E+01  1.3150E+02  3.1745E-01 -1.5835E+01 -1.0000E+00 -1.0000E+00  4.2558E+00  3.0866E+01  4.2558E+00  2.8660E+00 -1.0000E+00 -1.0000E+00
  0.1  4.5736E-03 -1.3415E+02  8.4098E+00 -4.8940E+01  1.2119E+02  1.2734E+02  3.2543E-02  4.9671E+01 -1.0000E+00 -1.0000E+00  6.0593E+00  4.6096E+01  6.0593E+00  2.8660E+00 -1.0000E+00 -1.0000E+00
    1  5.9744E-06  4.5773E+01  9.5621E+00 -4.4484E+01  1.3975E+02  1.3570E+02  2.9543E-05 -1.3069E+02 -1.0000E+00 -1.0000E+00  6.9875E+00  4.6950E+01  6.9875E+00  2.8660E+00 -1.0000E+00 -1.0000E+00
   10  7.7593E-13 -1.0292E+02  9.6524E+00 -4.5832E+01  1.4050E+02  1.3417E+02  2.4469E-12  7.5179E+01 -1.0000E+00 -1.0000E+00  7.0251E+00  4.6703E+01  7.0251E+00  2.8660E+00 -1.0000E+00 -1.0000E+00
    4    4     -13.000000       5.000000
  5
0.001  4.0270E-01 -3.7440E+01  4.7939E+01 -4.4534E+01  5.9377E+00  1.3350E+02  4.5381E-02  1.4276E+02 -1.0000E+00 -1.0000E+00  2.3969E+00  2.8660E+00  2.3969E+00  2.3808E+01 -1.0000E+00 -1.0000E+00
 0.01  2.2212E-01 -1.6873E+01  4.5023E+01 -4.3453E+01  6.6018E+00  1.3150E+02  2.4622E-02  1.6417E+02 -1.0000E+00 -1.0000E+00  2.2511E+00  2.8660E+00  2.2511E+00  1.9937E+01 -1.0000E+00 -1.0000E+00
  0.1  2.4822E-02  4.5853E+01  4.5643E+01 -4.8940E+01  9.3994E+00  1.2734E+02  2.5241E-03 -1.3033E+02 -1.0000E+00 -1.0000E+00  2.2821E+00  2.8660E+00  2.2821E+00  1.4052E+01 -1.0000E+00 -1.0000E+00
    1  3.2425E-05 -1.3423E+02  5.1897E+01 -4.4484E+01  1.0839E+01  1.3570E+02  2.2914E-06  4.9305E+01 -1.0000E+00 -1.0000E+00  2.5948E+00  2.8660E+00  2.5948E+00  1.3851E+01 -1.0000E+00 -1.0000E+00
   10  4.2113E-12  7.7079E+01  5.2387E+01 -4.5832E+01  1.0898E+01  1.3417E+02  1.8979E-13 -1.0482E+02 -1.0000E+00 -1.0000E+00  2.6193E+00  2.8660E+00  2.6193E+00  1.3908E+01 -1.0000E+00 -1.0000E+00
    5    5     -13.000000       9.000000
  5
0.001  1.7809E+01 -3.7401E+01  9.7187E+02 -4.4680E+01  1.3123E+04  1.3440E+02  2.2788E+02  1.4271E+02 -1.0000E+00 -1.0000E+00  6.5615E+02  4.2465E+01  6.5615E+02  2.8660E+00 -1.0000E+00 -1.0000E+00
 0.01  9.8130E+00 -1.6591E+01  9.2637E+02 -4.3874E+01  1.3538E+04  1.3369E+02  1.2443E+02  1.6394E+02 -1.0000E+00 -1.0000E+00  6.7692E+02  4.6947E+01  6.7692E+02  2.8660E+00 -1.0000E+00 -1.0000E+00
  0.1  1.0483E+00  4.7354E+01  9.5594E+02 -4.8573E+01  1.6522E+04  1.2959E+02  1.2701E+01 -1.3079E+02 -1.0000E+00 -1.0000E+00  8.2610E+02  5.9788E+01  8.2610E+02  2.8660E+00 -1.0000E+00 -1.0000E+00
    1  1.2203E-03 -1.3523E+02  1.0576E+03 -4.4547E+01  1.8379E+04  1.3554E+02  1.2438E-02  4.5826E+01 -1.0000E+00 -1.0000E+00  9.1895E+02  6.0327E+01  9.1895E+02  2.8660E+00 -1.0000E+00 -1.0000E+00
   10  5.4637E-10  5.1557E+01  1.0712E+03 -4.5832E+01  1.8584E+04  1.3417E+02  4.6213E-09 -1.3222E+02 -1.0000E+00 -1.0000E+00  9.2922E+02  6.0162E+01  9.2922E+02  2.8660E+00 -1.0000E+00 -1.0000E+00
    6    6     -13.000000      13.000000
  5
0.001  3.8519E+00 -3.7275E+01  1.9082E+02 -4.4894E+01  4.0595E+02  1.3511E+02  8.1948E+00  1.4273E+02 -1.0000E+00 -1.0000E+00  2.0298E+01  6.1063E+00  2.0298E+01  2.8660E+00 -1.0000E+00 -1.0000E+00
 0.01  2.1089E+00 -1.5878E+01  1.8576E+02 -4.4477E+01  3.9520E+02  1.3552E+02  4.4866E+00  1.6412E+02 -1.0000E+00 -1.0000E+00  1.9760E+01  6.1063E+00  1.9760E+01  2.8660E+00 -1.0000E+00 -1.0000E+00
  0.1  2.0650E-01  5.0947E+01  1.9694E+02 -4.8106E+01  4.1898E+02  1.3189E+02  4.3932E-01 -1.2905E+02 -1.0000E+00 -1.0000E+00  2.0949E+01  6.1063E+00  2.0949E+01  2.8660E+00 -1.0000E+00 -1.0000E+00
    1  1.8096E-04 -1.3017E+02  2.1004E+02 -4.4626E+01  4.4684E+02  1.3537E+02  3.8498E-04  4.9832E+01 -1.0000E+00 -1.0000E+00  2.2342E+01  6.1063E+00  2.2342E+01  2.8660E+00 -1.0000E+00 -1.0000E+00
   10  5.1213E-11  5.4237E+01  2.1369E+02 -4.5831E+01  4.5463E+02  1.3417E+02  1.0895E-10 -1.2576E+02 -1.0000E+00 -1.0000E+00  2.2731E+01  6.1063E+00  2.2731E+01  2.8660E+00 -1.0000E+00 -1.0000E+00
    7    7      -9.000000     -13.000000
  5
0.001  2.3856E-02  1.4271E+02  1.3738E+00 -4.5596E+01  5.1838E+00  1.3532E+02  9.4988E-02 -3.7401E+01 -1.0000E+00 -1.0000E+00  2.5919E-01  1.0875E+01  2.5919E-01  2.8660E+00 -1.0000E+00 -1.0000E+00
 0.01  1.3026E-02  1.6394E+02  1.4173E+00 -4.6309E+01  4.9411E+00  1.3613E+02  5.2341E-02 -1.6591E+01 -1.0000E+00 -1.0000E+00  2.4705E-01  1.0039E+01  2.4705E-01  2.8660E+00 -1.0000E+00 -1.0000E+00
  0.1  1.3297E-03 -1.3079E+02  1.7296E+00 -5.0406E+01  5.0988E+00  1.3143E+02  5.5914E-03  4.7354E+01 -1.0000E+00 -1.0000E+00  2.5494E-01  8.4760E+00  2.5494E-01  2.8660E+00 -1.0000E+00 -1.0000E+00
    1  1.3021E-06  4.5826E+01  1.9240E+00 -4.4462E+01  5.6413E+00  1.3545E+02  6.5091E-06 -1.3523E+02 -1.0000E+00 -1.0000E+00  2.8206E-01  8.4299E+00  2.8206E-01  2.8660E+00 -1.0000E+00 -1.0000E+00
   10  4.8379E-13 -1.3222E+02  1.9455E+00 -4.5832E+01  5.7137E+00  1.3417E+02  2.9142E-12  5.1557E+01 -1.0000E+00 -1.0000E+00  2.8568E-01  8.4438E+00  2.8568E-01  2.8660E+00 -1.0000E+00 -1.0000E+00
    8    8      -9.000000      -9.000000
  5
0.001  5.3132E-02  1.4262E+02  3.1575E+00 -4.5557E+01  2.7216E-01  1.3444E+02  4.5798E-03 -3.7379E+01 -1.0000E+00 -1.0000E+00  1.5787E-01  2.8660E+00  1.5787E-01  3.5455E+01 -1.0000E+00 -1.0000E+00
 0.01  2.9069E-02  1.6332E+02  3.2320E+00 -4.6161E+01  2.7859E-01  1.3384E+02  2.5056E-03 -1.6683E+01 -1.0000E+00 -1.0000E+00  1.6160E-01  2.8660E+00  1.6160E-01  3.5455E+01 -1.0000E+00 -1.0000E+00
  0.1  3.2439E-03 -1.3440E+02  4.0015E+00 -5.1716E+01  3.4491E-01  1.2828E+02  2.7961E-04  4.5600E+01 -1.0000E+00 -1.0000E+00  2.0007E-01  2.8660E+00  2.0007E-01  3.5455E+01 -1.0000E+00 -1.0000E+00
    1  4.1045E-06  4.0706E+01  4.7410E+00 -4.4329E+01  4.0866E-01  1.3567E+02  3.5379E-07 -1.3929E+02 -1.0000E+00 -1.0000E+00  2.3705E-01  2.8660E+00  2.3705E-01  3.5455E+01 -1.0000E+00 -1.0000E+00
   10  2.5150E-12 -1.3597E+02  4.7466E+00 -4.5832E+01  4.0914E-01  1.3417E+02  2.1678E-13  4.4033E+01 -1.0000E+00 -1.0000E+00  2.3733E-01  2.8660E+00  2.3733E-01  3.5455E+01 -1.0000E+00 -1.0000E+00
    9    9      -9.000000      -5.000000
  5
0.001  1.0337E-02  1.4262E+02  1.2863E+00 -4.5532E+01  9.1403E-03  1.3317E+02  7.1367E-05 -3.7302E+01 -1.0000E+00 -1.0000E+00  6.4316E-02  2.8660E+00  6.4316E-02 -1.0000E+00 -1.0000E+00 -1.0000E+00
 0.01  5.6381E-03  1.6311E+02  1.3087E+00 -4.6058E+01  1.0377E-02  1.3085E+02  3.8665E-05 -1.6387E+01 -1.0000E+00 -1.0000E+00  6.5435E-02  2.8660E+00  6.5435E-02 -1.0000E+00 -1.0000E+00 -1.0000E+00
  0.1  6.5936E-04 -1.3591E+02  1.6421E+00 -5.2703E+01  1.5870E-02  1.2512E+02  4.3374E-06  4.6134E+01 -1.0000E+00 -1.0000E+00  8.2103E-02  2.8660E+00  8.2103E-02 -1.0000E+00 -1.0000E+00 -1.0000E+00
    1  9.1670E-07  4.1838E+01  2.0369E+00 -4.4227E+01  1.9931E-02  1.3588E+02  4.8607E-09 -1.3626E+02 -1.0000E+00 -1.0000E+00  1.0185E-01  2.8660E+00  1.0185E-01 -1.0000E+00 -1.0000E+00 -1.0000E+00
   10  1.5727E-13 -1.1140E+02  2.0246E+00 -4.5832E+01  1.9742E-02  1.3417E+02  5.6890E-16  6.5927E+01 -1.0000E+00 -1.0000E+00  1.0123E-01  2.8660E+00  1.0123E-01 -1.0000E+00 -1.0000E+00 -1.0000E+00
   10   10      -9.000000       5.000000
  5
0.001  6.5929E-01 -3.7381E+01  8.2045E+01 -4.5532E+01  3.7202E+02  1.3317E+02  2.9047E+00  1.4270E+02 -1.0000E+00 -1.0000E+00  1.8601E+01  1.3104E+01  1.8601E+01  2.8660E+00 -1.0000E+00 -1.0000E+00
 0.01  3.5961E-01 -1.6891E+01  8.3473E+01 -4.6058E+01  4.2237E+02  1.3085E+02  1.5737E+00  1.6361E+02 -1.0000E+00 -1.0000E+00  2.1118E+01  1.4655E+01  2.1118E+01  2.8660E+00 -1.0000E+00 -1.0000E+00
  0.1  4.2056E-02  4.4091E+01  1.0474E+02 -5.2703E+01  6.4592E+02  1.2512E+02  1.7653E-01 -1.3387E+02 -1.0000E+00 -1.0000E+00  3.2296E+01  1.7960E+01  3.2296E+01  2.8660E+00 -1.0000E+00 -1.0000E+00
    1  5.8469E-05 -1.3816E+02  1.2992E+02 -4.4227E+01  8.1122E+02  1.3588E+02  1.9783E-04  4.3745E+01 -1.0000E+00 -1.0000E+00  4.0561E+01  1.8192E+01  4.0561E+01  2.8660E+00 -1.0000E+00 -1.0000E+00
   10  1.0031E-11  6.8604E+01  1.2913E+02 -4.5832E+01  8.0353E+02  1.3417E+02  2.3155E-11 -1.1407E+02 -1.0000E+00 -1.0000E+00  4.0177E+01  1.8127E+01  4.0177E+01  2.8660E+00 -1.0000E+00 -1.0000E+00
   11   11      -9.000000       9.000000
  5
0.001  3.4810E-02 -3.7379E+01  2.0687E+00 -4.5557E+01  1.6787E-01  1.3444E+02  2.8249E-03  1.4262E+02 -1.0000E+00 -1.0000E+00  1.0343E-01  2.8660E+00  1.0343E-01  3.8035E+01 -1.0000E+00 -1.0000E+00
 0.01  1.9045E-02 -1.6683E+01  2.1175E+00 -4.6161E+01  1.7184E-01  1.3384E+02  1.5455E-03  1.6332E+02 -1.0000E+00 -1.0000E+00  1.0588E-01  2.8660E+00  1.0588E-01  3.8035E+01 -1.0000E+00 -1.0000E+00
  0.1  2.1253E-03  4.5600E+01  2.6216E+00 -5.1716E+01  2.1275E-01  1.2828E+02  1.7247E-04 -1.3440E+02 -1.0000E+00 -1.0000E+00  1.3108E-01  2.8660E+00  1.3108E-01  3.8035E+01 -1.0000E+00 -1.0000E+00
    1  2.6891E-06 -1.3929E+02  3.1062E+00 -4.4329E+01  2.5207E-01  1.3567E+02  2.1822E-07  4.0706E+01 -1.0000E+00 -1.0000E+00  1.5531E-01  2.8660E+00  1.5531E-01  3.8035E+01 -1.0000E+00 -1.0000E+00
   10  1.6477E-12  4.4033E+01  3.1098E+00 -4.5832E+01  2.5236E-01  1.3417E+02  1.3371E-13 -1.3597E+02 -1.0000E+00 -1.0000E+00  1.5549E-01  2.8660E+00  1.5549E-01  3.8035E+01 -1.0000E+00 -1.0000E+00
   12   12      -9.000000      13.000000
  5
0.001  4.4842E+01 -3.7293E+01  2.5823E+03 -4.5596E+01  7.4945E-02  1.3532E+02  1.3733E-03  1.4260E+02 -1.0000E+00 -1.0000E+00  1.2912E+02  2.8660E+00  1.2912E+02 -1.0000E+00 -1.0000E+00 -1.0000E+00
 0.01  2.4485E+01 -1.6055E+01  2.6641E+03 -4.6309E+01  7.1436E-02  1.3613E+02  7.5672E-04  1.6341E+02 -1.0000E+00 -1.0000E+00  1.3320E+02  2.8660E+00  1.3320E+02 -1.0000E+00 -1.0000E+00 -1.0000E+00
  0.1  2.4994E+00  4.9210E+01  3.2512E+03 -5.0406E+01  7.3717E-02  1.3143E+02  8.0838E-05 -1.3265E+02 -1.0000E+00 -1.0000E+00  1.6256E+02  2.8660E+00  1.6256E+02 -1.0000E+00 -1.0000E+00 -1.0000E+00
    1  2.4475E-03 -1.3417E+02  3.6166E+03 -4.4462E+01  8.1559E-02  1.3545E+02  9.4106E-08  4.4773E+01 -1.0000E+00 -1.0000E+00  1.8083E+02  2.8660E+00  1.8083E+02 -1.0000E+00 -1.0000E+00 -1.0000E+00
   10  9.0938E-10  4.7780E+01  3.6570E+03 -4.5832E+01  8.2606E-02  1.3417E+02  4.2133E-14 -1.2844E+02 -1.0000E+00 -1.0000E+00  1.8285E+02  2.8660E+00  1.8285E+02 -1.0000E+00 -1.0000E+00 -1.0000E+00
   13   13      -5.000000     -13.000000
  5
0.001  1.3191E-04  1.4276E+02  1.7259E-02 -4.6499E+01  2.2699E+00  1.3547E+02  1.9068E-02 -3.7440E+01 -1.0000E+00 -1.0000E+00  1.1349E-01 -1.0000E+00  1.1349E-01  2.8660E+00 -1.0000E+00 -1.0000E+00
 0.01  7.1569E-05  1.6417E+02  1.9190E-02 -4.8500E+01  2.1318E+00  1.3655E+02  1.0517E-02 -1.6873E+01 -1.0000E+00 -1.0000E+00  1.0659E-01 -1.0000E+00  1.0659E-01  2.8660E+00 -1.0000E+00 -1.0000E+00
  0.1  7.3368E-06 -1.3033E+02  2.7322E-02 -5.2664E+01  2.1612E+00  1.3106E+02  1.1753E-03  4.5853E+01 -1.0000E+00 -1.0000E+00  1.0806E-01 -1.0000E+00  1.0806E-01  2.8660E+00 -1.0000E+00 -1.0000E+00
    1  6.6606E-09  4.9305E+01  3.1507E-02 -4.4303E+01  2.4573E+00  1.3552E+02  1.5353E-06 -1.3423E+02 -1.0000E+00 -1.0000E+00  1.2287E-01 -1.0000E+00  1.2287E-01  2.8660E+00 -1.0000E+00 -1.0000E+00
   10  5.5166E-16 -1.0482E+02  3.1677E-02 -4.5832E+01  2.4805E+00  1.3417E+02  1.9940E-13  7.7079E+01 -1.0000E+00 -1.0000E+00  1.2403E-01 -1.0000E+00  1.2403E-01  2.8660E+00 -1.0000E+00 -1.0000E+00
   14   14      -5.000000      -9.000000
  5
0.001  1.2600E+00  1.4270E+02  1.6138E+02 -4.6827E+01  2.2353E+02  1.3447E+02  1.7962E+00 -3.7381E+01 -1.0000E+00 -1.0000E+00  1.1176E+01  3.9712E+00  1.1176E+01  2.8660E+00 -1.0000E+00 -1.0000E+00
 0.01  6.8266E-01  1.6361E+02  1.8322E+02 -4.9150E+01  2.2742E+02  1.3394E+02  9.7976E-01 -1.6891E+01 -1.0000E+00 -1.0000E+00  1.1371E+01  3.5581E+00  1.1371E+01  2.8660E+00 -1.0000E+00 -1.0000E+00
  0.1  7.6580E-02 -1.3387E+02  2.8020E+02 -5.4879E+01  2.8535E+02  1.2730E+02  1.1458E-01  4.4091E+01 -1.0000E+00 -1.0000E+00  1.4267E+01  2.9187E+00  1.4267E+01  2.8660E+00 -1.0000E+00 -1.0000E+00
    1  8.5819E-05  4.3745E+01  3.5190E+02 -4.4115E+01  3.5396E+02  1.3577E+02  1.5930E-04 -1.3816E+02 -1.0000E+00 -1.0000E+00  1.7698E+01  2.8828E+00  1.7698E+01  2.8660E+00 -1.0000E+00 -1.0000E+00
   10  1.0044E-11 -1.1407E+02  3.4857E+02 -4.5833E+01  3.5182E+02  1.3417E+02  2.7329E-11  6.8604E+01 -1.0000E+00 -1.0000E+00  1.7591E+01  2.8927E+00  1.7591E+01  2.8660E+00 -1.0000E+00 -1.0000E+00
   15   15      -5.000000      -5.000000
  5
0.001  2.4069E-01  1.4272E+02  6.1962E+01 -4.7088E+01  1.1908E+01  1.3291E+02  4.6258E-02 -3.7283E+01 -1.0000E+00 -1.0000E+00  3.0981E+00  2.8660E+00  3.0981E+00  1.5080E+01 -1.0000E+00 -1.0000E+00
 0.01  1.2966E-01  1.6344E+02  7.1456E+01 -4.9640E+01  1.3733E+01  1.3036E+02  2.4919E-02 -1.6561E+01 -1.0000E+00 -1.0000E+00  3.5728E+00  2.8660E+00  3.5728E+00  1.5080E+01 -1.0000E+00 -1.0000E+00
  0.1  1.5301E-02 -1.3540E+02  1.1569E+02 -5.6524E+01  2.2233E+01  1.2348E+02  2.9407E-03  4.4604E+01 -1.0000E+00 -1.0000E+00  5.7843E+00  2.8660E+00  5.7843E+00  1.5080E+01 -1.0000E+00 -1.0000E+00
    1  1.8587E-05  4.4584E+01  1.5441E+02 -4.3976E+01  2.9676E+01  1.3602E+02  3.5722E-06 -1.3542E+02 -1.0000E+00 -1.0000E+00  7.7205E+00  2.8660E+00  7.7205E+00  1.5080E+01 -1.0000E+00 -1.0000E+00
   10  1.1082E-12 -8.9063E+01  1.5131E+02 -4.5833E+01  2.9080E+01  1.3417E+02  2.1298E-13  9.0937E+01 -1.0000E+00 -1.0000E+00  7.5655E+00  2.8660E+00  7.5655E+00  1.5080E+01 -1.0000E+00 -1.0000E+00
   16   16      -5.000000       5.000000
  5
0.001  1.3238E-02 -3.7283E+01  3.4078E+00 -4.7088E+01  1.4022E-01  1.3291E+02  5.4470E-04  1.4272E+02 -1.0000E+00 -1.0000E+00  1.7039E-01  2.8660E+00  1.7039E-01 -1.0000E+00 -1.0000E+00 -1.0000E+00
 0.01  7.1311E-03 -1.6561E+01  3.9300E+00 -4.9640E+01  1.6171E-01  1.3036E+02  2.9343E-04  1.6344E+02 -1.0000E+00 -1.0000E+00  1.9650E-01  2.8660E+00  1.9650E-01 -1.0000E+00 -1.0000E+00 -1.0000E+00
  0.1  8.4154E-04  4.4604E+01  6.3626E+00 -5.6524E+01  2.6180E-01  1.2348E+02  3.4627E-05 -1.3540E+02 -1.0000E+00 -1.0000E+00  3.1813E-01  2.8660E+00  3.1813E-01 -1.0000E+00 -1.0000E+00 -1.0000E+00
    1  1.0223E-06 -1.3542E+02  8.4924E+00 -4.3976E+01  3.4944E-01  1.3602E+02  4.2064E-08  4.4584E+01 -1.0000E+00 -1.0000E+00  4.2462E-01  2.8660E+00  4.2462E-01 -1.0000E+00 -1.0000E+00 -1.0000E+00
   10  6.0948E-14  9.0937E+01  8.3218E+00 -4.5833E+01  3.4242E-01  1.3417E+02  2.5079E-15 -8.9063E+01 -1.0000E+00 -1.0000E+00  4.1609E-01  2.8660E+00  4.1609E-01 -1.0000E+00 -1.0000E+00 -1.0000E+00
   17   17      -5.000000       9.000000
  5
0.001  1.2093E-04 -3.7302E+01  1.5488E-02 -4.6827E+01  3.0701E+00  1.3447E+02  2.4671E-02  1.4262E+02 -1.0000E+00 -1.0000E+00  1.5351E-01 -1.0000E+00  1.5351E-01  2.8660E+00 -1.0000E+00 -1.0000E+00
 0.01  6.5515E-05 -1.6387E+01  1.7584E-02 -4.9150E+01  3.1235E+00  1.3394E+02  1.3457E-02  1.6311E+02 -1.0000E+00 -1.0000E+00  1.5618E-01 -1.0000E+00  1.5618E-01  2.8660E+00 -1.0000E+00 -1.0000E+00
  0.1  7.3494E-06  4.6134E+01  2.6891E-02 -5.4879E+01  3.9192E+00  1.2730E+02  1.5737E-03 -1.3591E+02 -1.0000E+00 -1.0000E+00  1.9596E-01 -1.0000E+00  1.9596E-01  2.8660E+00 -1.0000E+00 -1.0000E+00
    1  8.2361E-09 -1.3626E+02  3.3772E-02 -4.4115E+01  4.8616E+00  1.3577E+02  2.1879E-06  4.1838E+01 -1.0000E+00 -1.0000E+00  2.4308E-01 -1.0000E+00  2.4308E-01  2.8660E+00 -1.0000E+00 -1.0000E+00
   10  9.6396E-16  6.5927E+01  3.3452E-02 -4.5833E+01  4.8322E+00  1.3417E+02  3.7535E-13 -1.1140E+02 -1.0000E+00 -1.0000E+00  2.4161E-01 -1.0000E+00  2.4161E-01  2.8660E+00 -1.0000E+00 -1.0000E+00
   18   18      -5.000000      13.000000
  5
0.001  3.3735E-03 -3.7245E+01  4.4138E-01 -4.6499E+01  1.8124E+00  1.3547E+02  1.5225E-02  1.4256E+02 -1.0000E+00 -1.0000E+00  9.0620E-02  1.1848E+01  9.0620E-02  2.8660E+00 -1.0000E+00 -1.0000E+00
 0.01  1.8303E-03 -1.5835E+01  4.9075E-01 -4.8500E+01  1.7022E+00  1.3655E+02  8.3976E-03  1.6313E+02 -1.0000E+00 -1.0000E+00  8.5108E-02  9.9869E+00  8.5108E-02  2.8660E+00 -1.0000E+00 -1.0000E+00
  0.1  1.8763E-04  4.9671E+01  6.9871E-01 -5.2664E+01  1.7256E+00  1.3106E+02  9.3845E-04 -1.3415E+02 -1.0000E+00 -1.0000E+00  8.6280E-02  7.0932E+00  8.6280E-02  2.8660E+00 -1.0000E+00 -1.0000E+00
    1  1.7034E-07 -1.3069E+02  8.0575E-01 -4.4303E+01  1.9620E+00  1.3552E+02  1.2259E-06  4.5773E+01 -1.0000E+00 -1.0000E+00  9.8102E-02  6.9932E+00  9.8102E-02  2.8660E+00 -1.0000E+00 -1.0000E+00
   10  1.4108E-14  7.5179E+01  8.1009E-01 -4.5832E+01  1.9806E+00  1.3417E+02  1.5921E-13 -1.0292E+02 -1.0000E+00 -1.0000E+00  9.9029E-02  7.0216E+00  9.9029E-02  2.8660E+00 -1.0000E+00 -1.0000E+00
   19   19       5.000000     -13.000000
  5
0.001  3.6762E+00 -3.7245E+01  4.8099E+02 -4.6499E+01  7.3991E+01  1.3547E+02  6.2156E-01  1.4256E+02 -1.0000E+00 -1.0000E+00  2.4049E+01  2.8660E+00  2.4049E+01  1.8968E+01 -1.0000E+00 -1.0000E+00
 0.01  1.9945E+00 -1.5835E+01  5.3479E+02 -4.8500E+01  6.9491E+01  1.3655E+02  3.4283E-01  1.6313E+02 -1.0000E+00 -1.0000E+00  2.6739E+01  2.8660E+00  2.6739E+01  2.2631E+01 -1.0000E+00 -1.0000E+00
  0.1  2.0447E-01  4.9671E+01  7.6141E+02 -5.2664E+01  7.0448E+01  1.3106E+02  3.8312E-02 -1.3415E+02 -1.0000E+00 -1.0000E+00  3.8070E+01  2.8660E+00  3.8070E+01  3.2711E+01 -1.0000E+00 -1.0000E+00
    1  1.8562E-04 -1.3069E+02  8.7805E+02 -4.4303E+01  8.0101E+01  1.3552E+02  5.0047E-05  4.5773E+01 -1.0000E+00 -1.0000E+00  4.3903E+01  2.8660E+00  4.3903E+01  3.3236E+01 -1.0000E+00 -1.0000E+00
   10  1.5374E-11  7.5179E+01  8.8278E+02 -4.5832E+01  8.0857E+01  1.3417E+02  6.4999E-12 -1.0292E+02 -1.0000E+00 -1.0000E+00  4.4139E+01  2.8660E+00  4.4139E+01  3.3085E+01 -1.0000E+00 -1.0000E+00
   20   20       5.000000      -9.000000
  5
0.001  8.9551E+00 -3.7302E+01  1.1469E+03 -4.6827E+01  1.1961E+02  1.3447E+02  9.6112E-01  1.4262E+02 -1.0000E+00 -1.0000E+00  5.7346E+01  2.8660E+00  5.7346E+01  2.8650E+01 -1.0000E+00 -1.0000E+00
 0.01  4.8516E+00 -1.6387E+01  1.3021E+03 -4.9150E+01  1.2169E+02  1.3394E+02  5.2425E-01  1.6311E+02 -1.0000E+00 -1.0000E+00  6.5107E+01  2.8660E+00  6.5107E+01  3.2347E+01 -1.0000E+00 -1.0000E+00
  0.1  5.4425E-01  4.6134E+01  1.9914E+03 -5.4879E+01  1.5268E+02  1.2730E+02  6.1309E-02 -1.3591E+02 -1.0000E+00 -1.0000E+00  9.9568E+01  2.8660E+00  9.9568E+01  4.0701E+01 -1.0000E+00 -1.0000E+00
    1  6.0991E-04 -1.3626E+02  2.5010E+03 -4.4115E+01  1.8940E+02  1.3577E+02  8.5237E-05  4.1838E+01 -1.0000E+00 -1.0000E+00  1.2505E+02  2.8660E+00  1.2505E+02  4.1318E+01 -1.0000E+00 -1.0000E+00
   10  7.1385E-11  6.5927E+01  2.4773E+03 -4.5833E+01  1.8825E+02  1.3417E+02  1.4623E-11 -1.1140E+02 -1.0000E+00 -1.0000E+00  1.2386E+02  2.8660E+00  1.2386E+02  4.1145E+01 -1.0000E+00 -1.0000E+00
   21   21       5.000000      -5.000000
  5
0.001  2.0414E+00 -3.7283E+01  5.2551E+02 -4.7088E+01  5.9333E+02  1.3291E+02  2.3048E+00  1.4272E+02 -1.0000E+00 -1.0000E+00  2.9666E+01  3.2362E+00  2.9666E+01  2.8660E+00 -1.0000E+00 -1.0000E+00
 0.01  1.0997E+00 -1.6561E+01  6.0604E+02 -4.9640E+01  6.8424E+02  1.3036E+02  1.2416E+00  1.6344E+02 -1.0000E+00 -1.0000E+00  3.4212E+01  3.2362E+00  3.4212E+01  2.8660E+00 -1.0000E+00 -1.0000E+00
  0.1  1.2977E-01  4.4604E+01  9.8116E+02 -5.6524E+01  1.1078E+03  1.2348E+02  1.4652E-01 -1.3540E+02 -1.0000E+00 -1.0000E+00  5.5389E+01  3.2362E+00  5.5389E+01  2.8660E+00 -1.0000E+00 -1.0000E+00
    1  1.5764E-04 -1.3542E+02  1.3096E+03 -4.3976E+01  1.4786E+03  1.3602E+02  1.7798E-04  4.4584E+01 -1.0000E+00 -1.0000E+00  7.3929E+01  3.2362E+00  7.3929E+01  2.8660E+00 -1.0000E+00 -1.0000E+00
   10  9.3987E-12  9.0937E+01  1.2833E+03 -4.5833E+01  1.4489E+03  1.3417E+02  1.0612E-11 -8.9063E+01 -1.0000E+00 -1.0000E+00  7.2445E+01  3.2362E+00  7.2445E+01  2.8660E+00 -1.0000E+00 -1.0000E+00
   22   22       5.000000       5.000000
  5
0.001  2.4041E-05  1.4272E+02  6.1889E-03 -4.7088E+01  3.0793E+00  1.3291E+02  1.1962E-02 -3.7283E+01 -1.0000E+00 -1.0000E+00  1.5396E-01 -1.0000E+00  1.5396E-01  2.8660E+00 -1.0000E+00 -1.0000E+00
 0.01  1.2951E-05  1.6344E+02  7.1372E-03 -4.9640E+01  3.5511E+00  1.3036E+02  6.4436E-03 -1.6561E+01 -1.0000E+00 -1.0000E+00  1.7756E-01 -1.0000E+00  1.7756E-01  2.8660E+00 -1.0000E+00 -1.0000E+00
  0.1  1.5283E-06 -1.3540E+02  1.1555E-02 -5.6524E+01  5.7492E+00  1.2348E+02  7.6041E-04  4.4604E+01 -1.0000E+00 -1.0000E+00  2.8746E-01 -1.0000E+00  2.8746E-01  2.8660E+00 -1.0000E+00 -1.0000E+00
    1  1.8565E-09  4.4584E+01  1.5423E-02 -4.3976E+01  7.6736E+00  1.3602E+02  9.2371E-07 -1.3542E+02 -1.0000E+00 -1.0000E+00  3.8368E-01 -1.0000E+00  3.8368E-01  2.8660E+00 -1.0000E+00 -1.0000E+00
   10  1.1069E-16 -8.9063E+01  1.5113E-02 -4.5833E+01  7.5195E+00  1.3417E+02  5.5072E-14  9.0937E+01 -1.0000E+00 -1.0000E+00  3.7597E-01 -1.0000E+00  3.7597E-01  2.8660E+00 -1.0000E+00 -1.0000E+00
   23   23       5.000000       9.000000
  5
0.001  5.9309E-03  1.4270E+02  7.5960E-01 -4.6827E+01  3.0089E+01  1.3447E+02  2.4179E-01 -3.7381E+01 -1.0000E+00 -1.0000E+00  1.5045E+00 -1.0000E+00  1.5045E+00  2.8660E+00 -1.0000E+00 -1.0000E+00
 0.01  3.2132E-03  1.6361E+02  8.6240E-01 -4.9149E+01  3.0613E+01  1.3394E+02  1.3188E-01 -1.6891E+01 -1.0000E+00 -1.0000E+00  1.5306E+00 -1.0000E+00  1.5306E+00  2.8660E+00 -1.0000E+00 -1.0000E+00
  0.1  3.6045E-04 -1.3387E+02  1.3189E+00 -5.4879E+01  3.8411E+01  1.2730E+02  1.5424E-02  4.4091E+01 -1.0000E+00 -1.0000E+00  1.9205E+00 -1.0000E+00  1.9205E+00  2.8660E+00 -1.0000E+00 -1.0000E+00
    1  4.0394E-07  4.3745E+01  1.6564E+00 -4.4115E+01  4.7647E+01  1.3577E+02  2.1443E-05 -1.3816E+02 -1.0000E+00 -1.0000E+00  2.3824E+00 -1.0000E+00  2.3824E+00  2.8660E+00 -1.0000E+00 -1.0000E+00
   10  4.7278E-14 -1.1407E+02  1.6407E+00 -4.5833E+01  4.7359E+01  1.3417E+02  3.6787E-12  6.8604E+01 -1.0000E+00 -1.0000E+00  2.3679E+00 -1.0000E+00  2.3679E+00  2.8660E+00 -1.0000E+00 -1.0000E+00
   24   24       5.000000      13.000000
  5
0.001  4.8606E-02  1.4276E+02  6.3596E+00 -4.6499E+01  3.4632E+00  1.3547E+02  2.9093E-02 -3.7440E+01 -1.0000E+00 -1.0000E+00  3.1798E-01  2.8660E+00  3.1798E-01  5.2681E+00 -1.0000E+00 -1.0000E+00
 0.01  2.6371E-02  1.6417E+02  7.0709E+00 -4.8500E+01  3.2526E+00  1.3655E+02  1.6047E-02 -1.6873E+01 -1.0000E+00 -1.0000E+00  3.5354E-01  2.8660E+00  3.5354E-01  6.2402E+00 -1.0000E+00 -1.0000E+00
  0.1  2.7034E-03 -1.3033E+02  1.0067E+01 -5.2664E+01  3.2974E+00  1.3106E+02  1.7932E-03  4.5853E+01 -1.0000E+00 -1.0000E+00  5.0336E-01  2.8660E+00  5.0336E-01  8.7808E+00 -1.0000E+00 -1.0000E+00
    1  2.4543E-06  4.9305E+01  1.1610E+01 -4.4303E+01  3.7492E+00  1.3552E+02  2.3425E-06 -1.3423E+02 -1.0000E+00 -1.0000E+00  5.8048E-01  2.8660E+00  5.8048E-01  8.9068E+00 -1.0000E+00 -1.0000E+00
   10  2.0327E-13 -1.0482E+02  1.1672E+01 -4.5832E+01  3.7846E+00  1.3417E+02  3.0424E-13  7.7079E+01 -1.0000E+00 -1.0000E+00  5.8360E-01  2.8660E+00  5.8360E-01  8.8706E+00 -1.0000E+00 -1.0000E+00
   25   25       9.000000     -13.000000
  5
0.001  7.0018E+00 -3.7293E+01  4.0322E+02 -4.5596E+01  1.2730E+02  1.3532E+02  2.3327E+00  1.4260E+02 -1.0000E+00 -1.0000E+00  2.0161E+01  2.8660E+00  2.0161E+01  9.1122E+00 -1.0000E+00 -1.0000E+00
 0.01  3.8232E+00 -1.6055E+01  4.1598E+02 -4.6309E+01  1.2134E+02  1.3613E+02  1.2854E+00  1.6341E+02 -1.0000E+00 -1.0000E+00  2.0799E+01  2.8660E+00  2.0799E+01  9.8696E+00 -1.0000E+00 -1.0000E+00
  0.1  3.9027E-01  4.9210E+01  5.0766E+02 -5.0406E+01  1.2522E+02  1.3143E+02  1.3731E-01 -1.3265E+02 -1.0000E+00 -1.0000E+00  2.5383E+01  2.8660E+00  2.5383E+01  1.1695E+01 -1.0000E+00 -1.0000E+00
    1  3.8216E-04 -1.3417E+02  5.6471E+02 -4.4462E+01  1.3854E+02  1.3545E+02  1.5985E-04  4.4773E+01 -1.0000E+00 -1.0000E+00  2.8236E+01  2.8660E+00  2.8236E+01  1.1760E+01 -1.0000E+00 -1.0000E+00
   10  1.4199E-10  4.7780E+01  5.7103E+02 -4.5832E+01  1.4032E+02  1.3417E+02  7.1568E-11 -1.2844E+02 -1.0000E+00 -1.0000E+00  2.8551E+01  2.8660E+00  2.8551E+01  1.1740E+01 -1.0000E+00 -1.0000E+00
   26   26       9.000000      -9.000000
  5
0.001  3.1142E-01 -3.7379E+01  1.8506E+01 -4.5557E+01  6.6086E-01  1.3444E+02  1.1120E-02  1.4262E+02 -1.0000E+00 -1.0000E+00  9.2532E-01  2.8660E+00  9.2532E-01 -1.0000E+00 -1.0000E+00 -1.0000E+00
 0.01  1.7038E-01 -1.6683E+01  1.8944E+01 -4.6161E+01  6.7646E-01  1.3384E+02  6.0840E-03  1.6332E+02 -1.0000E+00 -1.0000E+00  9.4718E-01  2.8660E+00  9.4718E-01 -1.0000E+00 -1.0000E+00 -1.0000E+00
  0.1  1.9013E-02  4.5600E+01  2.3453E+01 -5.1716E+01  8.3750E-01  1.2828E+02  6.7894E-04 -1.3440E+02 -1.0000E+00 -1.0000E+00  1.1727E+00  2.8660E+00  1.1727E+00 -1.0000E+00 -1.0000E+00 -1.0000E+00
    1  2.4057E-05 -1.3929E+02  2.7788E+01 -4.4329E+01  9.9229E-01  1.3567E+02  8.5906E-07  4.0706E+01 -1.0000E+00 -1.0000E+00  1.3894E+00  2.8660E+00  1.3894E+00 -1.0000E+00 -1.0000E+00 -1.0000E+00
   10  1.4741E-11  4.4033E+01  2.7821E+01 -4.5832E+01  9.9346E-01  1.3417E+02  5.2638E-13 -1.3597E+02 -1.0000E+00 -1.0000E+00  1.3910E+00  2.8660E+00  1.3910E+00 -1.0000E+00 -1.0000E+00 -1.0000E+00
   27   27       9.000000      -5.000000
  5
0.001  2.1221E-02 -3.7381E+01  2.6408E+00 -4.5532E+01  1.3450E-03  1.3317E+02  1.0502E-05  1.4270E+02 -1.0000E+00 -1.0000E+00  1.3204E-01  2.8660E+00  1.3204E-01 -1.0000E+00 -1.0000E+00 -1.0000E+00
 0.01  1.1575E-02 -1.6891E+01  2.6867E+00 -4.6058E+01  1.5271E-03  1.3085E+02  5.6896E-06  1.6361E+02 -1.0000E+00 -1.0000E+00  1.3434E-01  2.8660E+00  1.3434E-01 -1.0000E+00 -1.0000E+00 -1.0000E+00
  0.1  1.3537E-03  4.4091E+01  3.3711E+00 -5.2703E+01  2.3353E-03  1.2512E+02  6.3825E-07 -1.3387E+02 -1.0000E+00 -1.0000E+00  1.6856E-01  2.8660E+00  1.6856E-01 -1.0000E+00 -1.0000E+00 -1.0000E+00
    1  1.8820E-06 -1.3816E+02  4.1817E+00 -4.4227E+01  2.9329E-03  1.3588E+02  7.1525E-10  4.3745E+01 -1.0000E+00 -1.0000E+00  2.0909E-01  2.8660E+00  2.0909E-01 -1.0000E+00 -1.0000E+00 -1.0000E+00
   10  3.2286E-13  6.8604E+01  4.1564E+00 -4.5832E+01  2.9051E-03  1.3417E+02  8.3715E-17 -1.1407E+02 -1.0000E+00 -1.0000E+00  2.0782E-01  2.8660E+00  2.0782E-01 -1.0000E+00 -1.0000E+00 -1.0000E+00
   28   28       9.000000       5.000000
  5
0.001  3.5611E+00  1.4262E+02  4.4316E+02 -4.5532E+01  2.8578E+01  1.3317E+02  2.2314E-01 -3.7302E+01 -1.0000E+00 -1.0000E+00  2.2158E+01  2.8660E+00  2.2158E+01  5.0836E+01 -1.0000E+00 -1.0000E+00
 0.01  1.9424E+00  1.6311E+02  4.5087E+02 -4.6058E+01  3.2446E+01  1.3085E+02  1.2089E-01 -1.6387E+01 -1.0000E+00 -1.0000E+00  2.2544E+01  2.8660E+00  2.2544E+01  4.4011E+01 -1.0000E+00 -1.0000E+00
  0.1  2.2716E-01 -1.3591E+02  5.6572E+02 -5.2703E+01  4.9619E+01  1.2512E+02  1.3561E-02  4.6134E+01 -1.0000E+00 -1.0000E+00  2.8286E+01  2.8660E+00  2.8286E+01  3.4754E+01 -1.0000E+00 -1.0000E+00
    1  3.1582E-04  4.1838E+01  7.0175E+02 -4.4227E+01  6.2317E+01  1.3588E+02  1.5197E-05 -1.3626E+02 -1.0000E+00 -1.0000E+00  3.5088E+01  2.8660E+00  3.5088E+01  3.4267E+01 -1.0000E+00 -1.0000E+00
   10  5.4181E-11 -1.1140E+02  6.9750E+02 -4.5832E+01  6.1727E+01  1.3417E+02  1.7787E-12  6.5927E+01 -1.0000E+00 -1.0000E+00  3.4875E+01  2.8660E+00  3.4875E+01  3.4402E+01 -1.0000E+00 -1.0000E+00
   29   29       9.000000       9.000000
  5
0.001  7.1874E-02  1.4262E+02  4.2713E+00 -4.5557E+01  1.3441E-01  1.3444E+02  2.2617E-03 -3.7379E+01 -1.0000E+00 -1.0000E+00  2.1356E-01  2.8660E+00  2.1356E-01 -1.0000E+00 -1.0000E+00 -1.0000E+00
 0.01  3.9323E-02  1.6332E+02  4.3721E+00 -4.6161E+01  1.3758E-01  1.3384E+02  1.2374E-03 -1.6683E+01 -1.0000E+00 -1.0000E+00  2.1861E-01  2.8660E+00  2.1861E-01 -1.0000E+00 -1.0000E+00 -1.0000E+00
  0.1  4.3882E-03 -1.3440E+02  5.4130E+00 -5.1716E+01  1.7034E-01  1.2828E+02  1.3809E-04  4.5600E+01 -1.0000E+00 -1.0000E+00  2.7065E-01  2.8660E+00  2.7065E-01 -1.0000E+00 -1.0000E+00 -1.0000E+00
    1  5.5523E-06  4.0706E+01  6.4134E+00 -4.4329E+01  2.0182E-01  1.3567E+02  1.7472E-07 -1.3929E+02 -1.0000E+00 -1.0000E+00  3.2067E-01  2.8660E+00  3.2067E-01 -1.0000E+00 -1.0000E+00 -1.0000E+00
   10  3.4021E-12 -1.3597E+02  6.4210E+00 -4.5832E+01  2.0205E-01  1.3417E+02  1.0706E-13  4.4033E+01 -1.0000E+00 -1.0000E+00  3.2105E-01  2.8660E+00  3.2105E-01 -1.0000E+00 -1.0000E+00 -1.0000E+00
   30   30       9.000000      13.000000
  5
0.001  7.0369E+00  1.4271E+02  4.0524E+02 -4.5596E+01  3.7474E+02  1.3532E+02  6.8669E+00 -3.7401E+01 -1.0000E+00 -1.0000E+00  2.0262E+01  2.8660E+00  2.0262E+01  3.0994E+00 -1.0000E+00 -1.0000E+00
 0.01  3.8424E+00  1.6394E+02  4.1807E+02 -4.6309E+01  3.5720E+02  1.3613E+02  3.7838E+00 -1.6591E+01 -1.0000E+00 -1.0000E+00  2.0903E+01  2.8660E+00  2.0903E+01  3.3549E+00 -1.0000E+00 -1.0000E+00
  0.1  3.9223E-01 -1.3079E+02  5.1020E+02 -5.0406E+01  3.6860E+02  1.3143E+02  4.0421E-01  4.7354E+01 -1.0000E+00 -1.0000E+00  2.5510E+01  2.8660E+00  2.5510E+01  3.9685E+00 -1.0000E+00 -1.0000E+00
    1  3.8407E-04  4.5826E+01  5.6755E+02 -4.4462E+01  4.0782E+02  1.3545E+02  4.7055E-04 -1.3523E+02 -1.0000E+00 -1.0000E+00  2.8377E+01  2.8660E+00  2.8377E+01  3.9900E+00 -1.0000E+00 -1.0000E+00
   10  1.4271E-10 -1.3222E+02  5.7389E+02 -4.5832E+01  4.1305E+02  1.3417E+02  2.1068E-10  5.1557E+01 -1.0000E+00 -1.0000E+00  2.8694E+01  2.8660E+00  2.8694E+01  3.9835E+00 -1.0000E+00 -1.0000E+00
   31   31      13.000000     -13.000000
  5
0.001  8.8363E+00 -3.7275E+01  4.3773E+02 -4.4894E+01  8.0828E+03  1.3511E+02  1.6317E+02  1.4273E+02 -1.0000E+00 -1.0000E+00  4.0414E+02  6.7408E+01  4.0414E+02  2.8660E+00 -1.0000E+00 -1.0000E+00
 0.01  4.8378E+00 -1.5878E+01  4.2614E+02 -4.4477E+01  7.8688E+03  1.3552E+02  8.9331E+01  1.6412E+02 -1.0000E+00 -1.0000E+00  3.9344E+02  6.7408E+01  3.9344E+02  2.8660E+00 -1.0000E+00 -1.0000E+00
  0.1  4.7372E-01  5.0947E+01  4.5178E+02 -4.8106E+01  8.3423E+03  1.3189E+02  8.7473E+00 -1.2905E+02 -1.0000E+00 -1.0000E+00  4.1711E+02  6.7408E+01  4.1711E+02  2.8660E+00 -1.0000E+00 -1.0000E+00
    1  4.1512E-04 -1.3017E+02  4.8182E+02 -4.4626E+01  8.8970E+03  1.3537E+02  7.6653E-03  4.9832E+01 -1.0000E+00 -1.0000E+00  4.4485E+02  6.7408E+01  4.4485E+02  2.8660E+00 -1.0000E+00 -1.0000E+00
   10  1.1748E-10  5.4237E+01  4.9022E+02 -4.5831E+01  9.0520E+03  1.3417E+02  2.1694E-09 -1.2576E+02 -1.0000E+00 -1.0000E+00  4.5260E+02  6.7408E+01  4.5260E+02  2.8660E+00 -1.0000E+00 -1.0000E+00
   32   32      13.000000      -9.000000
  5
0.001  7.5783E-03 -3.7401E+01  4.1357E-01 -4.4680E+01  7.6833E+01  1.3440E+02  1.3342E+00  1.4271E+02 -1.0000E+00 -1.0000E+00  3.8416E+00 -1.0000E+00  3.8416E+00  2.8660E+00 -1.0000E+00 -1.0000E+00
 0.01  4.1759E-03 -1.6591E+01  3.9421E-01 -4.3874E+01  7.9265E+01  1.3369E+02  7.2852E-01  1.6394E+02 -1.0000E+00 -1.0000E+00  3.9633E+00 -1.0000E+00  3.9633E+00  2.8660E+00 -1.0000E+00 -1.0000E+00
  0.1  4.4609E-04  4.7354E+01  4.0679E-01 -4.8573E+01  9.6734E+01  1.2959E+02  7.4366E-02 -1.3079E+02 -1.0000E+00 -1.0000E+00  4.8367E+00 -1.0000E+00  4.8367E+00  2.8660E+00 -1.0000E+00 -1.0000E+00
    1  5.1931E-07 -1.3523E+02  4.5007E-01 -4.4547E+01  1.0761E+02  1.3554E+02  7.2820E-05  4.5826E+01 -1.0000E+00 -1.0000E+00  5.3803E+00 -1.0000E+00  5.3803E+00  2.8660E+00 -1.0000E+00 -1.0000E+00
   10  2.3250E-13  5.1557E+01  4.5585E-01 -4.5832E+01  1.0881E+02  1.3417E+02  2.7057E-11 -1.3222E+02 -1.0000E+00 -1.0000E+00  5.4405E+00 -1.0000E+00  5.4405E+00  2.8660E+00 -1.0000E+00 -1.0000E+00
   33   33      13.000000      -5.000000
  5
0.001  7.7405E+01 -3.7440E+01  9.2144E+03 -4.4534E+01  3.7564E+03  1.3350E+02  2.8710E+01  1.4276E+02 -1.0000E+00 -1.0000E+00  4.6072E+02  2.8660E+00  4.6072E+02  7.0451E+00 -1.0000E+00 -1.0000E+00
 0.01  4.2694E+01 -1.6873E+01  8.6540E+03 -4.3453E+01  4.1765E+03  1.3150E+02  1.5577E+01  1.6417E+02 -1.0000E+00 -1.0000E+00  4.3270E+02  2.8660E+00  4.3270E+02  5.9467E+00 -1.0000E+00 -1.0000E+00
  0.1  4.7712E+00  4.5853E+01  8.7732E+03 -4.8940E+01  5.9464E+03  1.2734E+02  1.5968E+00 -1.3033E+02 -1.0000E+00 -1.0000E+00  4.3866E+02  2.8660E+00  4.3866E+02  4.2305E+00 -1.0000E+00 -1.0000E+00
    1  6.2326E-03 -1.3423E+02  9.9753E+03 -4.4484E+01  6.8573E+03  1.3570E+02  1.4496E-03  4.9305E+01 -1.0000E+00 -1.0000E+00  4.9876E+02  2.8660E+00  4.9876E+02  4.1711E+00 -1.0000E+00 -1.0000E+00
   10  8.0946E-10  7.7079E+01  1.0069E+04 -4.5832E+01  6.8942E+03  1.3417E+02  1.2007E-10 -1.0482E+02 -1.0000E+00 -1.0000E+00  5.0347E+02  2.8660E+00  5.0347E+02  4.1879E+00 -1.0000E+00 -1.0000E+00
   34   34      13.000000       5.000000
  5
0.001  1.2010E-02  1.4256E+02  1.4297E+00 -4.4534E+01  2.7969E-01  1.3350E+02  2.1376E-03 -3.7245E+01 -1.0000E+00 -1.0000E+00  7.1486E-02  2.8660E+00  7.1486E-02  1.4809E+01 -1.0000E+00 -1.0000E+00
 0.01  6.6245E-03  1.6313E+02  1.3428E+00 -4.3453E+01  3.1097E-01  1.3150E+02  1.1598E-03 -1.5835E+01 -1.0000E+00 -1.0000E+00  6.7138E-02  2.8660E+00  6.7138E-02  1.2468E+01 -1.0000E+00 -1.0000E+00
  0.1  7.4030E-04 -1.3415E+02  1.3613E+00 -4.8940E+01  4.4274E-01  1.2734E+02  1.1889E-04  4.9671E+01 -1.0000E+00 -1.0000E+00  6.8063E-02  2.8660E+00  6.8063E-02  8.8432E+00 -1.0000E+00 -1.0000E+00
    1  9.6706E-07  4.5773E+01  1.5478E+00 -4.4484E+01  5.1057E-01  1.3570E+02  1.0794E-07 -1.3069E+02 -1.0000E+00 -1.0000E+00  7.7389E-02  2.8660E+00  7.7389E-02  8.7181E+00 -1.0000E+00 -1.0000E+00
   10  1.2560E-13 -1.0292E+02  1.5624E+00 -4.5832E+01  5.1332E-01  1.3417E+02  8.9396E-15  7.5179E+01 -1.0000E+00 -1.0000E+00  7.8120E-02  2.8660E+00  7.8120E-02  8.7536E+00 -1.0000E+00 -1.0000E+00
   35   35      13.000000       9.000000
  5
0.001  7.9630E+00  1.4260E+02  4.3456E+02 -4.4680E+01  8.7916E+01  1.3440E+02  1.5266E+00 -3.7293E+01 -1.0000E+00 -1.0000E+00  2.1728E+01  2.8660E+00  2.1728E+01  1.4309E+01 -1.0000E+00 -1.0000E+00
 0.01  4.3878E+00  1.6341E+02  4.1422E+02 -4.3874E+01  9.0699E+01  1.3369E+02  8.3360E-01 -1.6055E+01 -1.0000E+00 -1.0000E+00  2.0711E+01  2.8660E+00  2.0711E+01  1.3200E+01 -1.0000E+00 -1.0000E+00
  0.1  4.6873E-01 -1.3265E+02  4.2744E+02 -4.8573E+01  1.1069E+02  1.2959E+02  8.5092E-02  4.9210E+01 -1.0000E+00 -1.0000E+00  2.1372E+01  2.8660E+00  2.1372E+01  1.1133E+01 -1.0000E+00 -1.0000E+00
    1  5.4566E-04  4.4773E+01  4.7291E+02 -4.4547E+01  1.2313E+02  1.3554E+02  8.3324E-05 -1.3417E+02 -1.0000E+00 -1.0000E+00  2.3646E+01  2.8660E+00  2.3646E+01  1.1072E+01 -1.0000E+00 -1.0000E+00
   10  2.4430E-10 -1.2844E+02  4.7899E+02 -4.5832E+01  1.2450E+02  1.3417E+02  3.0960E-11  4.7780E+01 -1.0000E+00 -1.0000E+00  2.3949E+01  2.8660E+00  2.3949E+01  1.1090E+01 -1.0000E+00 -1.0000E+00
   36   36      13.000000      13.000000
  5
0.001  6.7740E-02  1.4273E+02  3.3557E+00 -4.4894E+01  7.4857E+00  1.3511E+02  1.5111E-01 -3.7275E+01 -1.0000E+00 -1.0000E+00  3.7428E-01  6.4040E+00  3.7428E-01  2.8660E+00 -1.0000E+00 -1.0000E+00
 0.01  3.7087E-02  1.6412E+02  3.2668E+00 -4.4477E+01  7.2875E+00  1.3552E+02  8.2731E-02 -1.5878E+01 -1.0000E+00 -1.0000E+00  3.6437E-01  6.4040E+00  3.6437E-01  2.8660E+00 -1.0000E+00 -1.0000E+00
  0.1  3.6315E-03 -1.2905E+02  3.4634E+00 -4.8106E+01  7.7259E+00  1.3189E+02  8.1010E-03  5.0947E+01 -1.0000E+00 -1.0000E+00  3.8630E-01  6.4040E+00  3.8630E-01  2.8660E+00 -1.0000E+00 -1.0000E+00
    1  3.1823E-06  4.9832E+01  3.6937E+00 -4.4626E+01  8.2397E+00  1.3537E+02  7.0990E-06 -1.3017E+02 -1.0000E+00 -1.0000E+00  4.1198E-01  6.4040E+00  4.1198E-01  2.8660E+00 -1.0000E+00 -1.0000E+00
   10  9.0063E-13 -1.2576E+02  3.7580E+00 -4.5831E+01  8.3832E+00  1.3417E+02  2.0091E-12  5.4237E+01 -1.0000E+00 -1.0000E+00  4.1916E-01  6.4040E+00  4.1916E-01  2.8660E+00 -1.0000E+00 -1.0000E+00
END
