APP_RES_AND_PHS    36
    1    1     -13.000000     -13.000000
  5
0.001  6.9816E+02 -4.5863E+01  3.8787E+02 -4.6528E+01  2.1071E+03  1.3663E+02  4.8590E+03 -4.4326E+01 -1.0000E+00 -1.0000E+00  2.4295E+02  3.8783E+01  2.4295E+02  6.6211E+00 -1.0000E+00 -1.0000E+00
 0.01  7.3995E+02 -4.7009E+01  4.3565E+02 -4.8594E+01  1.7967E+03  1.3992E+02  4.5002E+03 -4.2893E+01 -1.0000E+00 -1.0000E+00  2.2501E+02  3.1097E+01  2.2501E+02  7.1945E+00 -1.0000E+00 -1.0000E+00
  0.1  9.2317E+02 -4.9567E+01  5.9743E+02 -5.0380E+01  1.3769E+03  1.3514E+02  4.2729E+03 -4.7058E+01 -1.0000E+00 -1.0000E+00  2.1364E+02  2.0953E+01  2.1364E+02  8.9260E+00 -1.0000E+00 -1.0000E+00
    1  9.7595E+02 -4.4585E+01  6.2799E+02 -4.4563E+01  1.4908E+03  1.3528E+02  4.5825E+03 -4.4659E+01 -1.0000E+00 -1.0000E+00  2.2912E+02  2.1399E+01  2.2912E+02  8.8411E+00 -1.0000E+00 -1.0000E+00
   10  9.9326E+02 -4.5839E+01  6.3890E+02 -4.5830E+01  1.5164E+03  1.3417E+02  4.6628E+03 -4.5828E+01 -1.0000E+00 -1.0000E+00  2.3314E+02  2.1402E+01  2.3314E+02  8.8439E+00 -1.0000E+00 -1.0000E+00
    2    2     -13.000000      -9.000000
  5
0.001  1.3877E+00  1.3531E+02  1.2204E+00 -4.3758E+01  7.3535E-01  1.3497E+02  2.9361E-01 -4.3250E+01 -1.0000E+00 -1.0000E+00  6.9385E-02  3.2593E+00  6.9385E-02  5.4142E+00 -1.0000E+00 -1.0000E+00
 0.01  1.3225E+00  1.3609E+02  1.0733E+00 -4.1240E+01  7.2218E-01  1.3515E+02  2.4709E-01 -3.9678E+01 -1.0000E+00 -1.0000E+00  6.6123E-02  3.5321E+00  6.6123E-02  5.2533E+00 -1.0000E+00 -1.0000E+00
  0.1  1.3741E+00  1.3113E+02  9.1340E-01 -4.6637E+01  8.0027E-01  1.3051E+02  1.8576E-01 -4.5296E+01 -1.0000E+00 -1.0000E+00  6.8705E-02  4.3138E+00  6.8705E-02  4.9250E+00 -1.0000E+00 -1.0000E+00
    1  1.5392E+00  1.3549E+02  1.0188E+00 -4.4614E+01  8.9391E-01  1.3550E+02  2.0804E-01 -4.4643E+01 -1.0000E+00 -1.0000E+00  7.6962E-02  4.3322E+00  7.6962E-02  4.9390E+00 -1.0000E+00 -1.0000E+00
   10  1.5559E+00  1.3417E+02  1.0319E+00 -4.5835E+01  9.0389E-01  1.3417E+02  2.1073E-01 -4.5834E+01 -1.0000E+00 -1.0000E+00  7.7794E-02  4.3235E+00  7.7794E-02  4.9373E+00 -1.0000E+00 -1.0000E+00
    3    3     -13.000000      -5.000000
  5
0.001  3.7754E-01 -8.7356E+01  7.6166E+02 -4.4603E+01  1.0831E+01  1.3334E+02  1.2556E-01  1.2946E+02 -1.0000E+00 -1.0000E+00  3.8083E+01  2.8660E+00  3.8083E+01 -1.0000E+00 -1.0000E+00 -1.0000E+00
 0.01  3.3423E+00 -8.1449E+01  7.1961E+02 -4.3640E+01  1.2210E+01  1.3113E+02  1.9662E-01  1.2350E+02 -1.0000E+00 -1.0000E+00  3.5980E+01  2.8660E+00  3.5980E+01 -1.0000E+00 -1.0000E+00 -1.0000E+00
  0.1  1.5225E+01 -6.1920E+01  7.3920E+02 -4.9062E+01  1.7773E+01  1.2715E+02  4.1114E-01  1.2495E+02 -1.0000E+00 -1.0000E+00  3.6960E+01  2.8660E+00  3.6960E+01 -1.0000E+00 -1.0000E+00 -1.0000E+00
    1  1.6277E+01 -4.3978E+01  8.4003E+02 -4.4478E+01  2.0477E+01  1.3570E+02  4.4713E-01  1.3571E+02 -1.0000E+00 -1.0000E+00  4.2002E+01  2.8660E+00  4.2002E+01 -1.0000E+00 -1.0000E+00 -1.0000E+00
   10  1.6365E+01 -4.5823E+01  8.4800E+02 -4.5830E+01  2.0586E+01  1.3417E+02  4.5151E-01  1.3417E+02 -1.0000E+00 -1.0000E+00  4.2400E+01  2.8660E+00  4.2400E+01 -1.0000E+00 -1.0000E+00 -1.0000E+00
    4    4     -13.000000       5.000000
  5
0.001  5.0405E+00 -4.5792E+01  4.5127E+00 -4.3905E+01  1.1394E+00  1.3092E+02  1.0285E+01 -4.4801E+01 -1.0000E+00 -1.0000E+00  5.1424E-01  6.5433E+00  5.1424E-01  2.6827E+01 -1.0000E+00 -1.0000E+00
 0.01  5.2698E+00 -4.6771E+01  4.0137E+00 -4.1688E+01  1.5746E+00  1.2607E+02  9.8950E+00 -4.4198E+01 -1.0000E+00 -1.0000E+00  4.9475E-01  7.0805E+00  4.9475E-01  1.8313E+01 -1.0000E+00 -1.0000E+00
  0.1  6.7437E+00 -5.1705E+01  3.5766E+00 -4.7653E+01  3.0050E+00  1.2485E+02  1.0563E+01 -4.9437E+01 -1.0000E+00 -1.0000E+00  5.2817E-01  8.4921E+00  5.2817E-01  1.0123E+01 -1.0000E+00 -1.0000E+00
    1  7.8161E+00 -4.4335E+01  4.0927E+00 -4.4522E+01  3.4133E+00  1.3579E+02  1.1975E+01 -4.4471E+01 -1.0000E+00 -1.0000E+00  5.9876E-01  8.4125E+00  5.9876E-01  1.0103E+01 -1.0000E+00 -1.0000E+00
   10  7.8613E+00 -4.5829E+01  4.1316E+00 -4.5852E+01  3.4327E+00  1.3416E+02  1.2090E+01 -4.5826E+01 -1.0000E+00 -1.0000E+00  6.0451E-01  8.4134E+00  6.0451E-01  1.0143E+01 -1.0000E+00 -1.0000E+00
    5    5     -13.000000       9.000000
  5
0.001  6.8209E+00 -4.3621E+01  2.3932E+01 -4.4282E+01  1.5080E+00  1.3288E+02  2.2604E+00 -4.5619E+01 -1.0000E+00 -1.0000E+00  1.1966E+00  2.8660E+00  1.1966E+00  5.2513E+01 -1.0000E+00 -1.0000E+00
 0.01  5.9326E+00 -4.0876E+01  2.2038E+01 -4.2773E+01  1.7746E+00  1.3006E+02  2.3392E+00 -4.6358E+01 -1.0000E+00 -1.0000E+00  1.1019E+00  2.8660E+00  1.1019E+00  3.8385E+01 -1.0000E+00 -1.0000E+00
  0.1  4.9151E+00 -4.6501E+01  2.1031E+01 -4.7805E+01  2.6914E+00  1.2766E+02  2.8420E+00 -5.0089E+01 -1.0000E+00 -1.0000E+00  1.0516E+00  2.8660E+00  1.0516E+00  2.2998E+01 -1.0000E+00 -1.0000E+00
    1  5.5423E+00 -4.4590E+01  2.3351E+01 -4.4570E+01  2.9631E+00  1.3560E+02  3.1201E+00 -4.4502E+01 -1.0000E+00 -1.0000E+00  1.1675E+00  2.8660E+00  1.1675E+00  2.3205E+01 -1.0000E+00 -1.0000E+00
   10  5.6059E+00 -4.5828E+01  2.3654E+01 -4.5834E+01  2.9963E+00  1.3418E+02  3.1611E+00 -4.5821E+01 -1.0000E+00 -1.0000E+00  1.1827E+00  2.8660E+00  1.1827E+00  2.3248E+01 -1.0000E+00 -1.0000E+00
    6    6     -13.000000      13.000000
  5
0.001  2.2088E-02 -4.1110E+01  2.8207E-01 -4.4742E+01  1.9722E+00  1.3463E+02  1.7363E-01 -4.8756E+01 -1.0000E+00 -1.0000E+00  9.8608E-02  2.0462E+01  9.8608E-02  2.8660E+00 -1.0000E+00 -1.0000E+00
 0.01  1.5581E-02 -3.2353E+01  2.7089E-01 -4.4058E+01  2.0026E+00  1.3426E+02  2.3580E-01 -5.3370E+01 -1.0000E+00 -1.0000E+00  1.0013E-01  2.1692E+01  1.0013E-01  2.8660E+00 -1.0000E+00 -1.0000E+00
  0.1  5.6861E-03 -3.5144E+01  2.7930E-01 -4.7840E+01  2.3089E+00  1.3113E+02  4.1660E-01 -5.2417E+01 -1.0000E+00 -1.0000E+00  1.1544E-01  2.4414E+01  1.1544E-01  2.8660E+00 -1.0000E+00 -1.0000E+00
    1  6.1960E-03 -4.5000E+01  2.9821E-01 -4.4630E+01  2.4509E+00  1.3540E+02  4.3108E-01 -4.4495E+01 -1.0000E+00 -1.0000E+00  1.2254E-01  2.4264E+01  1.2254E-01  2.8660E+00 -1.0000E+00 -1.0000E+00
   10  6.2972E-03 -4.5833E+01  3.0348E-01 -4.5828E+01  2.4952E+00  1.3416E+02  4.3876E-01 -4.5833E+01 -1.0000E+00 -1.0000E+00  1.2476E-01  2.4274E+01  1.2476E-01  2.8660E+00 -1.0000E+00 -1.0000E+00
    7    7      -9.000000     -13.000000
  5
0.001  3.4278E+02  1.3628E+02  4.2218E+02 -4.4734E+01  1.4654E+03  1.3581E+02  5.8620E+02 -4.3945E+01 -1.0000E+00 -1.0000E+00  7.3270E+01  9.9943E+00  7.3270E+01  2.8660E+00 -1.0000E+00 -1.0000E+00
 0.01  3.0035E+02  1.3889E+02  4.0389E+02 -4.4017E+01  1.3380E+03  1.3751E+02  5.2460E+02 -4.1851E+01 -1.0000E+00 -1.0000E+00  6.6901E+01  9.5347E+00  6.6901E+01  2.8660E+00 -1.0000E+00 -1.0000E+00
  0.1  2.5308E+02  1.3346E+02  4.2287E+02 -4.8950E+01  1.2510E+03  1.3240E+02  4.6894E+02 -4.7338E+01 -1.0000E+00 -1.0000E+00  6.2548E+01  8.5059E+00  6.2548E+01  2.8660E+00 -1.0000E+00 -1.0000E+00
    1  2.8233E+02  1.3539E+02  4.7342E+02 -4.4510E+01  1.3902E+03  1.3543E+02  5.2766E+02 -4.4561E+01 -1.0000E+00 -1.0000E+00  6.9508E+01  8.4428E+00  6.9508E+01  2.8660E+00 -1.0000E+00 -1.0000E+00
   10  2.8602E+02  1.3416E+02  4.7900E+02 -4.5833E+01  1.4081E+03  1.3416E+02  5.3342E+02 -4.5829E+01 -1.0000E+00 -1.0000E+00  7.0406E+01  8.4522E+00  7.0406E+01  2.8660E+00 -1.0000E+00 -1.0000E+00
    8    8      -9.000000      -9.000000
  5
0.001  7.2346E+02  1.3507E+02  3.7278E+02 -4.4197E+01  8.5805E+02  1.3366E+02  2.9713E+02  1.3246E+02 -1.0000E+00 -1.0000E+00  4.2903E+01  6.6088E+00  4.2903E+01  2.8660E+00 -1.0000E+00 -1.0000E+00
 0.01  7.0101E+02  1.3548E+02  3.3930E+02 -4.2518E+01  9.3856E+02  1.3195E+02  3.6008E+02  1.2927E+02 -1.0000E+00 -1.0000E+00  4.6928E+01  7.9499E+00  4.6928E+01  2.8660E+00 -1.0000E+00 -1.0000E+00
  0.1  7.7801E+02  1.2933E+02  3.2633E+02 -4.9194E+01  1.3064E+03  1.2721E+02  5.8464E+02  1.2587E+02 -1.0000E+00 -1.0000E+00  6.5319E+01  1.1546E+01  6.5319E+01  2.8660E+00 -1.0000E+00 -1.0000E+00
    1  9.2558E+02  1.3564E+02  3.8997E+02 -4.4409E+01  1.5405E+03  1.3571E+02  6.8399E+02  1.3575E+02 -1.0000E+00 -1.0000E+00  7.7027E+01  1.1392E+01  7.7027E+01  2.8660E+00 -1.0000E+00 -1.0000E+00
   10  9.2669E+02  1.3418E+02  3.9082E+02 -4.5830E+01  1.5420E+03  1.3416E+02  6.8476E+02  1.3416E+02 -1.0000E+00 -1.0000E+00  7.7098E+01  1.1378E+01  7.7098E+01  2.8660E+00 -1.0000E+00 -1.0000E+00
    9    9      -9.000000      -5.000000
  5
0.001  6.1053E+01  1.3319E+02  6.5036E-01 -3.8501E+01  3.2549E+02  1.3318E+02  3.2872E+00 -3.8318E+01 -1.0000E+00 -1.0000E+00  1.6275E+01 -1.0000E+00  1.6275E+01  2.8660E+00 -1.0000E+00 -1.0000E+00
 0.01  6.9237E+01  1.3087E+02  3.7661E-01 -2.1897E+01  3.6912E+02  1.3088E+02  1.8825E+00 -2.1054E+01 -1.0000E+00 -1.0000E+00  1.8456E+01 -1.0000E+00  1.8456E+01  2.8660E+00 -1.0000E+00 -1.0000E+00
  0.1  1.0571E+02  1.2514E+02  3.9683E-02  4.7604E+00  5.6353E+02  1.2514E+02  1.8727E-01  1.0972E+01 -1.0000E+00 -1.0000E+00  2.8176E+01 -1.0000E+00  2.8176E+01  2.8660E+00 -1.0000E+00 -1.0000E+00
    1  1.3281E+02  1.3589E+02  2.2005E-02 -4.6429E+01  7.0794E+02  1.3589E+02  7.8801E-02 -4.6906E+01 -1.0000E+00 -1.0000E+00  3.5397E+01 -1.0000E+00  3.5397E+01  2.8660E+00 -1.0000E+00 -1.0000E+00
   10  1.3152E+02  1.3417E+02  2.1901E-02 -4.5829E+01  7.0152E+02  1.3417E+02  7.8435E-02 -4.5830E+01 -1.0000E+00 -1.0000E+00  3.5076E+01 -1.0000E+00  3.5076E+01  2.8660E+00 -1.0000E+00 -1.0000E+00
   10   10      -9.000000       5.000000
  5
0.001  1.7185E-01 -3.6867E+01  2.3720E+01 -4.5543E+01  4.1381E+00  1.3318E+02  6.3419E-02  1.4031E+02 -1.0000E+00 -1.0000E+00  1.1860E+00  2.8660E+00  1.1860E+00  1.6655E+01 -1.0000E+00 -1.0000E+00
 0.01  9.1540E-02 -1.4468E+01  2.4140E+01 -4.6065E+01  4.6855E+00  1.3092E+02  3.9752E-02  1.5305E+02 -1.0000E+00 -1.0000E+00  1.2070E+00  2.8660E+00  1.2070E+00  1.4928E+01 -1.0000E+00 -1.0000E+00
  0.1  1.4071E-02  5.8394E+01  3.0311E+01 -5.2708E+01  7.1383E+00  1.2516E+02  7.6626E-03  1.5721E+02 -1.0000E+00 -1.0000E+00  1.5156E+00  2.8660E+00  1.5156E+00  1.2258E+01 -1.0000E+00 -1.0000E+00
    1  1.1419E-03  1.4286E+02  3.7616E+01 -4.4224E+01  8.9652E+00  1.3588E+02  8.4690E-03  1.3486E+02 -1.0000E+00 -1.0000E+00  1.8808E+00  2.8660E+00  1.8808E+00  1.2110E+01 -1.0000E+00 -1.0000E+00
   10  1.0956E-03  1.3416E+02  3.7369E+01 -4.5828E+01  8.8786E+00  1.3417E+02  8.4247E-03  1.3417E+02 -1.0000E+00 -1.0000E+00  1.8684E+00  2.8660E+00  1.8684E+00  1.2148E+01 -1.0000E+00 -1.0000E+00
   11   11      -9.000000       9.000000
  5
0.001  1.8178E+00  1.2062E+02  2.8871E+02 -4.5778E+01  5.3895E+00  1.3416E+02  1.1259E-01 -5.3153E+01 -1.0000E+00 -1.0000E+00  1.4435E+01  2.8660E+00  1.4435E+01 -1.0000E+00 -1.0000E+00 -1.0000E+00
 0.01  5.2285E+00  1.1273E+02  3.0106E+02 -4.6712E+01  5.6613E+00  1.3311E+02  2.1362E-01 -6.0379E+01 -1.0000E+00 -1.0000E+00  1.5053E+01  2.8660E+00  1.5053E+01 -1.0000E+00 -1.0000E+00 -1.0000E+00
  0.1  1.6839E+01  1.2052E+02  3.8624E+02 -5.2047E+01  7.3399E+00  1.2785E+02  5.4141E-01 -5.7676E+01 -1.0000E+00 -1.0000E+00  1.9312E+01  2.8660E+00  1.9312E+01 -1.0000E+00 -1.0000E+00 -1.0000E+00
    1  1.8921E+01  1.3593E+02  4.5662E+02 -4.4319E+01  8.6818E+00  1.3569E+02  6.1776E-01 -4.4138E+01 -1.0000E+00 -1.0000E+00  2.2831E+01  2.8660E+00  2.2831E+01 -1.0000E+00 -1.0000E+00 -1.0000E+00
   10  1.8924E+01  1.3416E+02  4.5731E+02 -4.5832E+01  8.6899E+00  1.3416E+02  6.1828E-01 -4.5835E+01 -1.0000E+00 -1.0000E+00  2.2865E+01  2.8660E+00  2.2865E+01 -1.0000E+00 -1.0000E+00 -1.0000E+00
   12   12      -9.000000      13.000000
  5
0.001  1.2206E+01  1.3128E+02  1.9093E+02 -4.6026E+01  5.8969E+02  1.3611E+02  4.9793E+02  1.3549E+02 -1.0000E+00 -1.0000E+00  2.9485E+01  8.8837E+00  2.9485E+01  2.8660E+00 -1.0000E+00 -1.0000E+00
 0.01  1.6481E+01  1.2676E+02  2.0451E+02 -4.7380E+01  5.2514E+02  1.3833E+02  4.6762E+02  1.3656E+02 -1.0000E+00 -1.0000E+00  2.6257E+01  7.3764E+00  2.6257E+01  2.8660E+00 -1.0000E+00 -1.0000E+00
  0.1  2.9390E+01  1.2669E+02  2.6705E+02 -5.1032E+01  4.6185E+02  1.3303E+02  4.6961E+02  1.3146E+02 -1.0000E+00 -1.0000E+00  2.3480E+01  5.0442E+00  2.3480E+01  2.9142E+00 -1.0000E+00 -1.0000E+00
    1  3.1579E+01  1.3559E+02  2.9604E+02 -4.4439E+01  5.1456E+02  1.3541E+02  5.2674E+02  1.3548E+02 -1.0000E+00 -1.0000E+00  2.6337E+01  5.1040E+00  2.6337E+01  2.9339E+00 -1.0000E+00 -1.0000E+00
   10  3.1974E+01  1.3417E+02  2.9936E+02 -4.5843E+01  5.2099E+02  1.3416E+02  5.3268E+02  1.3417E+02 -1.0000E+00 -1.0000E+00  2.6634E+01  5.1044E+00  2.6634E+01  2.9303E+00 -1.0000E+00 -1.0000E+00
   13   13      -5.000000     -13.000000
  5
0.001  2.0923E+01 -4.4641E+01  1.4814E-01 -5.6533E+01  3.7501E+01  1.3562E+02  3.9528E+00 -4.3991E+01 -1.0000E+00 -1.0000E+00  1.8751E+00 -1.0000E+00  1.8751E+00  2.8660E+00 -1.0000E+00 -1.0000E+00
 0.01  1.9846E+01 -4.3760E+01  3.5661E-01 -6.4617E+01  3.4774E+01  1.3696E+02  3.5417E+00 -4.1965E+01 -1.0000E+00 -1.0000E+00  1.7387E+00 -1.0000E+00  1.7387E+00  2.8660E+00 -1.0000E+00 -1.0000E+00
  0.1  2.0552E+01 -4.9147E+01  1.0541E+00 -5.8505E+01  3.4219E+01  1.3135E+02  3.2428E+00 -4.8369E+01 -1.0000E+00 -1.0000E+00  1.7109E+00 -1.0000E+00  1.7109E+00  2.8660E+00 -1.0000E+00 -1.0000E+00
    1  2.3349E+01 -4.4478E+01  1.1663E+00 -4.4105E+01  3.8951E+01  1.3551E+02  3.8029E+00 -4.4445E+01 -1.0000E+00 -1.0000E+00  1.9475E+00 -1.0000E+00  1.9475E+00  2.8660E+00 -1.0000E+00 -1.0000E+00
   10  2.3568E+01 -4.5827E+01  1.1727E+00 -4.5829E+01  3.9330E+01  1.3417E+02  3.8237E+00 -4.5816E+01 -1.0000E+00 -1.0000E+00  1.9665E+00 -1.0000E+00  1.9665E+00  2.8660E+00 -1.0000E+00 -1.0000E+00
   14   14      -5.000000      -9.000000
  5
0.001  3.2089E+02  1.3452E+02  8.0102E+00 -4.1518E+01  1.2887E+03  1.3448E+02  1.4640E+01 -3.8899E+01 -1.0000E+00 -1.0000E+00  6.4436E+01 -1.0000E+00  6.4436E+01  2.8660E+00 -1.0000E+00 -1.0000E+00
 0.01  3.2509E+02  1.3407E+02  5.7876E+00 -3.3989E+01  1.3103E+03  1.3397E+02  8.7167E+00 -2.3741E+01 -1.0000E+00 -1.0000E+00  6.5513E+01 -1.0000E+00  6.5513E+01  2.8660E+00 -1.0000E+00 -1.0000E+00
  0.1  4.0448E+02  1.2738E+02  2.6420E+00 -4.0699E+01  1.6404E+03  1.2732E+02  1.1177E+00 -5.5558E+00 -1.0000E+00 -1.0000E+00  8.2021E+01 -1.0000E+00  8.2021E+01  2.8660E+00 -1.0000E+00 -1.0000E+00
    1  5.0215E+02  1.3577E+02  3.3683E+00 -4.4584E+01  2.0353E+03  1.3577E+02  8.3286E-01 -4.6011E+01 -1.0000E+00 -1.0000E+00  1.0176E+02 -1.0000E+00  1.0176E+02  2.8660E+00 -1.0000E+00 -1.0000E+00
   10  4.9907E+02  1.3416E+02  3.3419E+00 -4.5823E+01  2.0234E+03  1.3417E+02  8.2749E-01 -4.5832E+01 -1.0000E+00 -1.0000E+00  1.0117E+02 -1.0000E+00  1.0117E+02  2.8660E+00 -1.0000E+00 -1.0000E+00
   15   15      -5.000000      -5.000000
  5
0.001  4.5343E-01 -4.7621E+01  2.9937E-01 -4.7876E+01  3.1002E+00  1.3365E+02  5.3487E+00 -4.6676E+01 -1.0000E+00 -1.0000E+00  2.6743E-01  6.3293E+01  2.6743E-01  4.9486E+00 -1.0000E+00 -1.0000E+00
 0.01  5.4697E-01 -5.0780E+01  3.6890E-01 -5.1303E+01  3.3501E+00  1.3208E+02  5.9498E+00 -4.8685E+01 -1.0000E+00 -1.0000E+00  2.9749E-01  5.3748E+01  2.9749E-01  5.0946E+00 -1.0000E+00 -1.0000E+00
  0.1  9.4385E-01 -5.7061E+01  6.5514E-01 -5.7295E+01  4.9007E+00  1.2435E+02  9.1121E+00 -5.6049E+01 -1.0000E+00 -1.0000E+00  4.5561E-01  4.4062E+01  4.5561E-01  5.3343E+00 -1.0000E+00 -1.0000E+00
    1  1.2550E+00 -4.3957E+01  8.7004E-01 -4.3949E+01  6.5775E+00  1.3600E+02  1.2204E+01 -4.3993E+01 -1.0000E+00 -1.0000E+00  6.1019E-01  4.4534E+01  6.1019E-01  5.3229E+00 -1.0000E+00 -1.0000E+00
   10  1.2298E+00 -4.5831E+01  8.5215E-01 -4.5835E+01  6.4454E+00  1.3417E+02  1.1958E+01 -4.5831E+01 -1.0000E+00 -1.0000E+00  5.9789E-01  4.4558E+01  5.9789E-01  5.3225E+00 -1.0000E+00 -1.0000E+00
   16   16      -5.000000       5.000000
  5
0.001  2.6557E-02  1.2958E+02  7.6881E-01 -4.7237E+01  4.4888E-02  1.3401E+02  1.5784E-01  1.3321E+02 -1.0000E+00 -1.0000E+00  3.8440E-02  2.8660E+00  3.8440E-02  5.8911E+01 -1.0000E+00 -1.0000E+00
 0.01  4.0208E-02  1.2400E+02  8.9820E-01 -4.9966E+01  4.7084E-02  1.3291E+02  1.7762E-01  1.3100E+02 -1.0000E+00 -1.0000E+00  4.4910E-02  2.8660E+00  4.4910E-02  7.2521E+01 -1.0000E+00 -1.0000E+00
  0.1  8.9969E-02  1.2086E+02  1.4810E+00 -5.6680E+01  6.5485E-02  1.2481E+02  2.7720E-01  1.2379E+02 -1.0000E+00 -1.0000E+00  7.4049E-02  2.8660E+00  7.4049E-02 -1.0000E+00 -1.0000E+00 -1.0000E+00
    1  1.1774E-01  1.3611E+02  1.9745E+00 -4.3964E+01  8.8156E-02  1.3599E+02  3.7067E-01  1.3602E+02 -1.0000E+00 -1.0000E+00  9.8725E-02  2.8660E+00  9.8725E-02 -1.0000E+00 -1.0000E+00 -1.0000E+00
   10  1.1538E-01  1.3417E+02  1.9349E+00 -4.5833E+01  8.6383E-02  1.3418E+02  3.6335E-01  1.3417E+02 -1.0000E+00 -1.0000E+00  9.6744E-02  2.8660E+00  9.6744E-02 -1.0000E+00 -1.0000E+00 -1.0000E+00
   17   17      -5.000000       9.000000
  5
0.001  5.5572E-01  1.3266E+02  3.1540E+00 -4.7260E+01  3.3558E-02  1.3510E+02  3.0855E-02  1.3399E+02 -1.0000E+00 -1.0000E+00  1.5770E-01  2.8660E+00  1.5770E-01 -1.0000E+00 -1.0000E+00 -1.0000E+00
 0.01  6.6013E-01  1.2972E+02  3.7131E+00 -5.0102E+01  3.2287E-02  1.3559E+02  3.2669E-02  1.3274E+02 -1.0000E+00 -1.0000E+00  1.8565E-01  2.8660E+00  1.8565E-01 -1.0000E+00 -1.0000E+00 -1.0000E+00
  0.1  1.0652E+00  1.2508E+02  5.9960E+00 -5.5353E+01  3.6299E-02  1.2833E+02  4.4590E-02  1.2616E+02 -1.0000E+00 -1.0000E+00  2.9980E-01  2.8660E+00  2.9980E-01 -1.0000E+00 -1.0000E+00 -1.0000E+00
    1  1.3038E+00  1.3585E+02  7.5104E+00 -4.4100E+01  4.5267E-02  1.3575E+02  5.6277E-02  1.3585E+02 -1.0000E+00 -1.0000E+00  3.7552E-01  2.8660E+00  3.7552E-01 -1.0000E+00 -1.0000E+00 -1.0000E+00
   10  1.2956E+00  1.3417E+02  7.4431E+00 -4.5836E+01  4.4985E-02  1.3416E+02  5.5758E-02  1.3417E+02 -1.0000E+00 -1.0000E+00  3.7216E-01  2.8660E+00  3.7216E-01 -1.0000E+00 -1.0000E+00 -1.0000E+00
   18   18      -5.000000      13.000000
  5
0.001  8.2044E-01 -4.4537E+01  5.8961E-03 -3.6694E+01  9.4258E+00  1.3533E+02  1.3466E-01 -5.3555E+01 -1.0000E+00 -1.0000E+00  4.7129E-01 -1.0000E+00  4.7129E-01  2.8660E+00 -1.0000E+00 -1.0000E+00
 0.01  7.7099E-01 -4.3456E+01  3.1462E-03 -1.3274E+01  8.9563E+00  1.3618E+02  2.6345E-01 -6.1046E+01 -1.0000E+00 -1.0000E+00  4.4781E-01 -1.0000E+00  4.4781E-01  2.8660E+00 -1.0000E+00 -1.0000E+00
  0.1  7.8212E-01 -4.8947E+01  5.3848E-04  6.5817E+01  9.3194E+00  1.3081E+02  6.8510E-01 -5.7544E+01 -1.0000E+00 -1.0000E+00  4.6597E-01 -1.0000E+00  4.6597E-01  2.8660E+00 -1.0000E+00 -1.0000E+00
    1  8.8916E-01 -4.4495E+01  7.4532E-05  1.4065E+02  1.0581E+01  1.3552E+02  7.6443E-01 -4.4142E+01 -1.0000E+00 -1.0000E+00  5.2907E-01 -1.0000E+00  5.2907E-01  2.8660E+00 -1.0000E+00 -1.0000E+00
   10  8.9770E-01 -4.5833E+01  7.4400E-05  1.3416E+02  1.0679E+01  1.3416E+02  7.6863E-01 -4.5832E+01 -1.0000E+00 -1.0000E+00  5.3393E-01 -1.0000E+00  5.3393E-01  2.8660E+00 -1.0000E+00 -1.0000E+00
   19   19       5.000000     -13.000000
  5
0.001  5.7338E+02  1.3348E+02  5.2103E+03 -4.6845E+01  4.1029E+03  1.3545E+02  2.1321E+01  1.4507E+02 -1.0000E+00 -1.0000E+00  2.6051E+02  2.8660E+00  2.6051E+02  3.6405E+00 -1.0000E+00 -1.0000E+00
 0.01  6.4038E+02  1.3147E+02  5.9708E+03 -4.9296E+01  3.8567E+03  1.3651E+02  1.0838E+01  1.7558E+02 -1.0000E+00 -1.0000E+00  2.9854E+02  2.8660E+00  2.9854E+02  4.4396E+00 -1.0000E+00 -1.0000E+00
  0.1  8.9765E+02  1.2814E+02  8.9102E+03 -5.3084E+01  3.9210E+03  1.3104E+02  5.4388E+00 -9.0911E+01 -1.0000E+00 -1.0000E+00  4.4551E+02  2.8660E+00  4.4551E+02  6.5240E+00 -1.0000E+00 -1.0000E+00
    1  1.0018E+03  1.3560E+02  1.0256E+04 -4.4288E+01  4.4541E+03  1.3552E+02  3.0125E+00 -4.2565E+01 -1.0000E+00 -1.0000E+00  5.1278E+02  2.8660E+00  5.1278E+02  6.6108E+00 -1.0000E+00 -1.0000E+00
   10  1.0114E+03  1.3417E+02  1.0308E+04 -4.5831E+01  4.4990E+03  1.3417E+02  3.0267E+00 -4.5839E+01 -1.0000E+00 -1.0000E+00  5.1539E+02  2.8660E+00  5.1539E+02  6.5780E+00 -1.0000E+00 -1.0000E+00
   20   20       5.000000      -9.000000
  5
0.001  2.4590E-02 -3.8531E+01  2.2917E+00 -4.6813E+01  1.6747E-02 -3.3400E+01  4.5973E+00 -4.6850E+01 -1.0000E+00 -1.0000E+00  2.2987E-01  5.7566E+00  2.2987E-01 -1.0000E+00 -1.0000E+00 -1.0000E+00
 0.01  1.4270E-02 -2.2011E+01  2.5991E+00 -4.9117E+01  8.3275E-03  3.2797E+00  5.2330E+00 -4.9201E+01 -1.0000E+00 -1.0000E+00  2.6165E-01  5.7776E+00  2.6165E-01 -1.0000E+00 -1.0000E+00 -1.0000E+00
  0.1  1.5181E-03  3.9335E+00  3.9669E+00 -5.4846E+01  8.0256E-03  9.6188E+01  8.0301E+00 -5.4896E+01 -1.0000E+00 -1.0000E+00  4.0150E-01  5.8090E+00  4.0150E-01 -1.0000E+00 -1.0000E+00 -1.0000E+00
    1  8.6914E-04 -4.6370E+01  4.9834E+00 -4.4122E+01  6.0064E-03  1.3694E+02  1.0083E+01 -4.4115E+01 -1.0000E+00 -1.0000E+00  5.0416E-01  5.8063E+00  5.0416E-01 -1.0000E+00 -1.0000E+00 -1.0000E+00
   10  8.6477E-04 -4.5822E+01  4.9374E+00 -4.5821E+01  5.9559E-03  1.3417E+02  9.9878E+00 -4.5822E+01 -1.0000E+00 -1.0000E+00  4.9939E-01  5.8050E+00  4.9939E-01 -1.0000E+00 -1.0000E+00 -1.0000E+00
   21   21       5.000000      -5.000000
  5
0.001  6.1260E-01  1.3291E+02  1.7390E-03  1.4440E+02  6.0068E-01  1.3292E+02  4.1110E-03  1.4028E+02 -1.0000E+00 -1.0000E+00  3.0630E-02 -1.0000E+00  3.0630E-02  2.9229E+00 -1.0000E+00 -1.0000E+00
 0.01  7.0644E-01  1.3035E+02  8.7755E-04  1.7166E+02  6.9198E-01  1.3040E+02  2.5727E-03  1.5274E+02 -1.0000E+00 -1.0000E+00  3.5322E-02 -1.0000E+00  3.5322E-02  2.9259E+00 -1.0000E+00 -1.0000E+00
  0.1  1.1451E+00  1.2347E+02  2.9595E-04 -1.0111E+02  1.1184E+00  1.2349E+02  5.2626E-04  1.5484E+02 -1.0000E+00 -1.0000E+00  5.7257E-02 -1.0000E+00  5.7257E-02  2.9346E+00 -1.0000E+00 -1.0000E+00
    1  1.5284E+00  1.3603E+02  1.3064E-04 -4.1832E+01  1.4931E+00  1.3603E+02  6.4177E-04  1.3506E+02 -1.0000E+00 -1.0000E+00  7.6420E-02 -1.0000E+00  7.6420E-02  2.9337E+00 -1.0000E+00 -1.0000E+00
   10  1.4975E+00  1.3417E+02  1.2756E-04 -4.5836E+01  1.4632E+00  1.3417E+02  6.2928E-04  1.3416E+02 -1.0000E+00 -1.0000E+00  7.4874E-02 -1.0000E+00  7.4874E-02  2.9332E+00 -1.0000E+00 -1.0000E+00
   22   22       5.000000       5.000000
  5
0.001  4.8368E+01  1.3337E+02  3.1672E+01 -4.6377E+01  3.6094E+02  1.3303E+02  3.0694E+01 -4.5033E+01 -1.0000E+00 -1.0000E+00  1.8047E+01  3.4737E+01  1.8047E+01  2.8660E+00 -1.0000E+00 -1.0000E+00
 0.01  5.3692E+01  1.3138E+02  3.4386E+01 -4.8026E+01  4.1128E+02  1.3067E+02  2.9683E+01 -4.4709E+01 -1.0000E+00 -1.0000E+00  2.0564E+01  3.6729E+01  2.0564E+01  2.8660E+00 -1.0000E+00 -1.0000E+00
  0.1  8.1885E+01  1.2399E+02  5.0593E+01 -5.5696E+01  6.5412E+02  1.2364E+02  3.5334E+01 -5.3740E+01 -1.0000E+00 -1.0000E+00  3.2706E+01  4.0275E+01  3.2706E+01  2.8660E+00 -1.0000E+00 -1.0000E+00
    1  1.0968E+02  1.3601E+02  6.7901E+01 -4.3985E+01  8.7412E+02  1.3602E+02  4.7938E+01 -4.4063E+01 -1.0000E+00 -1.0000E+00  4.3706E+01  4.0067E+01  4.3706E+01  2.8660E+00 -1.0000E+00 -1.0000E+00
   10  1.0747E+02  1.3416E+02  6.6533E+01 -4.5833E+01  8.5636E+02  1.3417E+02  4.6987E+01 -4.5831E+01 -1.0000E+00 -1.0000E+00  4.2818E+01  4.0058E+01  4.2818E+01  2.8660E+00 -1.0000E+00 -1.0000E+00
   23   23       5.000000       9.000000
  5
0.001  1.0987E+02  1.3478E+02  2.9628E+01 -4.5268E+01  4.9746E+01  1.3470E+02  7.7886E+00 -4.4755E+01 -1.0000E+00 -1.0000E+00  5.4936E+00  1.0686E+01  5.4936E+00  6.3404E+00 -1.0000E+00 -1.0000E+00
 0.01  1.0880E+02  1.3474E+02  2.9437E+01 -4.5372E+01  4.9651E+01  1.3451E+02  7.3994E+00 -4.4035E+01 -1.0000E+00 -1.0000E+00  5.4401E+00  1.0650E+01  5.4401E+00  6.2904E+00 -1.0000E+00 -1.0000E+00
  0.1  1.2950E+02  1.2779E+02  3.5570E+01 -5.2706E+01  6.0003E+01  1.2765E+02  8.1536E+00 -5.1802E+01 -1.0000E+00 -1.0000E+00  6.4748E+00  1.0488E+01  6.4748E+00  6.1948E+00 -1.0000E+00 -1.0000E+00
    1  1.6108E+02  1.3576E+02  4.5153E+01 -4.4185E+01  7.4558E+01  1.3575E+02  1.0382E+01 -4.4217E+01 -1.0000E+00 -1.0000E+00  8.0539E+00  1.0275E+01  8.0539E+00  6.2013E+00 -1.0000E+00 -1.0000E+00
   10  1.6007E+02  1.3417E+02  4.4713E+01 -4.5832E+01  7.4111E+01  1.3417E+02  1.0287E+01 -4.5825E+01 -1.0000E+00 -1.0000E+00  8.0034E+00  1.0311E+01  8.0034E+00  6.1995E+00 -1.0000E+00 -1.0000E+00
   24   24       5.000000      13.000000
  5
0.001  2.2775E+03  1.3609E+02  2.5580E+03 -4.5784E+01  8.7112E+03  1.3562E+02  9.0942E+02 -4.3987E+01 -1.0000E+00 -1.0000E+00  4.3556E+02  9.8039E+00  4.3556E+02  2.8660E+00 -1.0000E+00 -1.0000E+00
 0.01  2.0261E+03  1.3832E+02  2.6750E+03 -4.6776E+01  8.0759E+03  1.3697E+02  8.1366E+02 -4.1930E+01 -1.0000E+00 -1.0000E+00  4.0379E+02  8.6820E+00  4.0379E+02  2.8660E+00 -1.0000E+00 -1.0000E+00
  0.1  1.8056E+03  1.3234E+02  3.4249E+03 -5.1700E+01  7.9475E+03  1.3135E+02  7.4322E+02 -4.8347E+01 -1.0000E+00 -1.0000E+00  3.9738E+02  6.6627E+00  3.9738E+02  2.8660E+00 -1.0000E+00 -1.0000E+00
    1  2.0656E+03  1.3548E+02  3.9679E+03 -4.4336E+01  9.0537E+03  1.3550E+02  8.7155E+02 -4.4448E+01 -1.0000E+00 -1.0000E+00  4.5269E+02  6.5510E+00  4.5269E+02  2.8660E+00 -1.0000E+00 -1.0000E+00
   10  2.0847E+03  1.3417E+02  3.9901E+03 -4.5830E+01  9.1360E+03  1.3417E+02  8.7651E+02 -4.5832E+01 -1.0000E+00 -1.0000E+00  4.5680E+02  6.5738E+00  4.5680E+02  2.8660E+00 -1.0000E+00 -1.0000E+00
   25   25       9.000000     -13.000000
  5
0.001  4.6203E-02  1.3273E+02  2.8660E-01 -4.6192E+01  6.9052E+00  1.3556E+02  9.4082E-01  1.3731E+02 -1.0000E+00 -1.0000E+00  3.4526E-01 -1.0000E+00  3.4526E-01  2.8660E+00 -1.0000E+00 -1.0000E+00
 0.01  5.5162E-02  1.2975E+02  3.1171E-01 -4.7790E+01  6.4468E+00  1.3677E+02  7.5516E-01  1.4207E+02 -1.0000E+00 -1.0000E+00  3.2234E-01 -1.0000E+00  3.2234E-01  2.8660E+00 -1.0000E+00 -1.0000E+00
  0.1  8.4307E-02  1.2793E+02  4.1672E-01 -5.1242E+01  6.3586E+00  1.3185E+02  4.8713E-01  1.3641E+02 -1.0000E+00 -1.0000E+00  3.1793E-01  4.9724E+01  3.1793E-01  2.8660E+00 -1.0000E+00 -1.0000E+00
    1  9.1350E-02  1.3556E+02  4.6169E-01 -4.4448E+01  7.0501E+00  1.3544E+02  5.5186E-01  1.3531E+02 -1.0000E+00 -1.0000E+00  3.5250E-01  4.9775E+01  3.5250E-01  2.8660E+00 -1.0000E+00 -1.0000E+00
   10  9.2524E-02  1.3416E+02  4.6682E-01 -4.5834E+01  7.1380E+00  1.3416E+02  5.5788E-01  1.3416E+02 -1.0000E+00 -1.0000E+00  3.5690E-01  4.9865E+01  3.5690E-01  2.8660E+00 -1.0000E+00 -1.0000E+00
   26   26       9.000000      -9.000000
  5
0.001  4.1956E-01 -3.7716E+01  2.2952E+01 -4.5552E+01  7.8268E-01 -3.3039E+01  1.0669E+02 -4.5605E+01 -1.0000E+00 -1.0000E+00  5.3343E+00  1.3439E+01  5.3343E+00 -1.0000E+00 -1.0000E+00 -1.0000E+00
 0.01  2.3374E-01 -1.8275E+01  2.3478E+01 -4.6146E+01  3.9424E-01  5.2162E+00  1.0970E+02 -4.6280E+01 -1.0000E+00 -1.0000E+00  5.4848E+00  1.3510E+01  5.4848E+00 -1.0000E+00 -1.0000E+00 -1.0000E+00
  0.1  2.3292E-02  3.4172E+01  2.9036E+01 -5.1708E+01  4.3612E-01  9.8276E+01  1.3682E+02 -5.1790E+01 -1.0000E+00 -1.0000E+00  6.8412E+00  1.3628E+01  6.8412E+00 -1.0000E+00 -1.0000E+00 -1.0000E+00
    1  1.0967E-03 -5.3777E+01  3.4413E+01 -4.4336E+01  3.3359E-01  1.3685E+02  1.6209E+02 -4.4332E+01 -1.0000E+00 -1.0000E+00  8.1047E+00  1.3622E+01  8.1047E+00 -1.0000E+00 -1.0000E+00 -1.0000E+00
   10  1.0993E-03 -4.5825E+01  3.4451E+01 -4.5831E+01  3.3256E-01  1.3416E+02  1.6225E+02 -4.5834E+01 -1.0000E+00 -1.0000E+00  8.1125E+00  1.3620E+01  8.1125E+00 -1.0000E+00 -1.0000E+00 -1.0000E+00
   27   27       9.000000      -5.000000
  5
0.001  6.7120E+03 -4.6185E+01  4.7921E+03 -4.4730E+01  7.0297E-01  1.0227E+02  8.3960E+02 -4.5614E+01 -1.0000E+00 -1.0000E+00  3.3560E+02  4.0158E+00  3.3560E+02 -1.0000E+00 -1.0000E+00 -1.0000E+00
 0.01  7.2117E+03 -4.7667E+01  4.5498E+03 -4.3974E+01  4.6255E+00  1.0210E+02  8.6078E+02 -4.6268E+01 -1.0000E+00 -1.0000E+00  3.6059E+02  4.5457E+00  3.6059E+02 -1.0000E+00 -1.0000E+00 -1.0000E+00
  0.1  1.0089E+04 -5.4080E+01  4.9593E+03 -5.1365E+01  2.0340E+01  1.1677E+02  1.0942E+03 -5.2826E+01 -1.0000E+00 -1.0000E+00  5.0445E+02  5.8381E+00  5.0445E+02 -1.0000E+00 -1.0000E+00 -1.0000E+00
    1  1.2724E+04 -4.4131E+01  6.1970E+03 -4.4267E+01  2.3875E+01  1.3617E+02  1.3568E+03 -4.4225E+01 -1.0000E+00 -1.0000E+00  6.3620E+02  5.8925E+00  6.3620E+02 -1.0000E+00 -1.0000E+00 -1.0000E+00
   10  1.2605E+04 -4.5833E+01  6.1565E+03 -4.5831E+01  2.3638E+01  1.3417E+02  1.3490E+03 -4.5832E+01 -1.0000E+00 -1.0000E+00  6.3025E+02  5.8757E+00  6.3025E+02 -1.0000E+00 -1.0000E+00 -1.0000E+00
   28   28       9.000000       5.000000
  5
0.001  7.5335E+00  1.3452E+02  2.1083E+01 -4.5159E+01  7.8884E-02 -4.1540E+01  3.1465E+00  1.3451E+02 -1.0000E+00 -1.0000E+00  1.0542E+00  2.8660E+00  1.0542E+00 -1.0000E+00 -1.0000E+00 -1.0000E+00
 0.01  7.6227E+00  1.3407E+02  2.0762E+01 -4.5104E+01  5.7048E-02 -3.4031E+01  3.1886E+00  1.3407E+02 -1.0000E+00 -1.0000E+00  1.0381E+00  2.8660E+00  1.0381E+00 -1.0000E+00 -1.0000E+00 -1.0000E+00
  0.1  9.5599E+00  1.2694E+02  2.4467E+01 -5.2116E+01  2.6143E-02 -4.0775E+01  3.9681E+00  1.2736E+02 -1.0000E+00 -1.0000E+00  1.2234E+00  2.8660E+00  1.2234E+00 -1.0000E+00 -1.0000E+00 -1.0000E+00
    1  1.2109E+01  1.3582E+02  3.0460E+01 -4.4242E+01  3.3352E-02 -4.4582E+01  4.9238E+00  1.3577E+02 -1.0000E+00 -1.0000E+00  1.5230E+00  2.8660E+00  1.5230E+00 -1.0000E+00 -1.0000E+00 -1.0000E+00
   10  1.1996E+01  1.3416E+02  3.0261E+01 -4.5829E+01  3.3071E-02 -4.5827E+01  4.8951E+00  1.3418E+02 -1.0000E+00 -1.0000E+00  1.5130E+00  2.8660E+00  1.5130E+00 -1.0000E+00 -1.0000E+00 -1.0000E+00
   29   29       9.000000       9.000000
  5
0.001  1.4356E+01 -4.5614E+01  9.5612E-02  1.4761E+02  2.1770E-01  1.3444E+02  3.4469E-03 -3.7116E+01 -1.0000E+00 -1.0000E+00  7.1779E-01 -1.0000E+00  7.1779E-01 -1.0000E+00 -1.0000E+00 -1.0000E+00
 0.01  1.4764E+01 -4.6295E+01  4.8731E-02 -1.7151E+02  2.2291E-01  1.3383E+02  1.8630E-03 -1.5450E+01 -1.0000E+00 -1.0000E+00  7.3819E-01 -1.0000E+00  7.3819E-01 -1.0000E+00 -1.0000E+00 -1.0000E+00
  0.1  1.8437E+01 -5.1790E+01  6.6634E-02 -7.9731E+01  2.7621E-01  1.2828E+02  2.3622E-04  5.3372E+01 -1.0000E+00 -1.0000E+00  9.2187E-01 -1.0000E+00  9.2187E-01 -1.0000E+00 -1.0000E+00 -1.0000E+00
    1  2.1836E+01 -4.4327E+01  5.3602E-02 -4.3256E+01  3.2722E-01  1.3568E+02  5.7021E-06  1.4850E+02 -1.0000E+00 -1.0000E+00  1.0918E+00 -1.0000E+00  1.0918E+00 -1.0000E+00 -1.0000E+00 -1.0000E+00
   10  2.1862E+01 -4.5829E+01  5.3489E-02 -4.5828E+01  3.2762E-01  1.3417E+02  5.2172E-06  1.3416E+02 -1.0000E+00 -1.0000E+00  1.0931E+00 -1.0000E+00  1.0931E+00 -1.0000E+00 -1.0000E+00 -1.0000E+00
   30   30       9.000000      13.000000
  5
0.001  5.3900E+02  1.3600E+02  3.7213E+02 -4.4385E+01  2.5496E+02  1.3479E+02  4.3554E+01  1.3153E+02 -1.0000E+00 -1.0000E+00  2.6950E+01  4.1530E+00  2.6950E+01  6.0677E+00 -1.0000E+00 -1.0000E+00
 0.01  4.8391E+02  1.3808E+02  3.4566E+02 -4.3076E+01  2.5487E+02  1.3467E+02  5.7441E+01  1.2721E+02 -1.0000E+00 -1.0000E+00  2.4195E+01  4.0138E+00  2.4195E+01  5.4474E+00 -1.0000E+00 -1.0000E+00
  0.1  4.3366E+02  1.3283E+02  3.3843E+02 -4.8273E+01  2.8983E+02  1.3052E+02  1.0125E+02  1.2642E+02 -1.0000E+00 -1.0000E+00  2.1683E+01  3.6734E+00  2.1683E+01  4.2904E+00 -1.0000E+00 -1.0000E+00
    1  4.8287E+02  1.3541E+02  3.7969E+02 -4.4534E+01  3.1934E+02  1.3548E+02  1.1061E+02  1.3564E+02 -1.0000E+00 -1.0000E+00  2.4143E+01  3.6458E+00  2.4143E+01  4.3360E+00 -1.0000E+00 -1.0000E+00
   10  4.8916E+02  1.3415E+02  3.8393E+02 -4.5838E+01  3.2323E+02  1.3416E+02  1.1182E+02  1.3417E+02 -1.0000E+00 -1.0000E+00  2.4458E+01  3.6525E+00  2.4458E+01  4.3396E+00 -1.0000E+00 -1.0000E+00
   31   31      13.000000     -13.000000
  5
0.001  3.9799E+00 -4.2737E+01  1.7857E+01 -4.4525E+01  2.1390E-01  1.3596E+02  1.8031E-01  1.3615E+02 -1.0000E+00 -1.0000E+00  8.9283E-01  2.8660E+00  8.9283E-01 -1.0000E+00 -1.0000E+00 -1.0000E+00
 0.01  3.2069E+00 -3.7986E+01  1.6837E+01 -4.3475E+01  1.9322E-01  1.3793E+02  1.6018E-01  1.3849E+02 -1.0000E+00 -1.0000E+00  8.4185E-01  2.8660E+00  8.4185E-01 -1.0000E+00 -1.0000E+00 -1.0000E+00
  0.1  2.0582E+00 -4.2877E+01  1.6657E+01 -4.7458E+01  1.7273E-01  1.3354E+02  1.3738E-01  1.3395E+02 -1.0000E+00 -1.0000E+00  8.3285E-01  2.8660E+00  8.3285E-01 -1.0000E+00 -1.0000E+00 -1.0000E+00
    1  2.2419E+00 -4.4769E+01  1.7831E+01 -4.4645E+01  1.8578E-01  1.3533E+02  1.4801E-01  1.3531E+02 -1.0000E+00 -1.0000E+00  8.9156E-01  2.8660E+00  8.9156E-01 -1.0000E+00 -1.0000E+00 -1.0000E+00
   10  2.2798E+00 -4.5833E+01  1.8143E+01 -4.5835E+01  1.8903E-01  1.3417E+02  1.5053E-01  1.3417E+02 -1.0000E+00 -1.0000E+00  9.0714E-01  2.8660E+00  9.0714E-01 -1.0000E+00 -1.0000E+00 -1.0000E+00
   32   32      13.000000      -9.000000
  5
0.001  2.2168E-02  1.4475E+01  4.3300E+01 -4.4799E+01  1.7596E+00  1.3776E+02  1.7065E+01  1.3550E+02 -1.0000E+00 -1.0000E+00  2.1650E+00  2.8660E+00  2.1650E+00 -1.0000E+00 -1.0000E+00 -1.0000E+00
 0.01  1.7409E-01  8.0694E+01  4.1704E+01 -4.4196E+01  1.3593E+00  1.4360E+02  1.6006E+01  1.3664E+02 -1.0000E+00 -1.0000E+00  2.0852E+00  2.8660E+00  2.0852E+00 -1.0000E+00 -1.0000E+00 -1.0000E+00
  0.1  9.5304E-01  1.1671E+02  4.4029E+01 -4.8796E+01  7.6075E-01  1.3824E+02  1.5932E+01  1.3178E+02 -1.0000E+00 -1.0000E+00  2.2014E+00  2.8660E+00  2.2014E+00 -1.0000E+00 -1.0000E+00 -1.0000E+00
    1  9.4576E-01  1.3598E+02  4.8662E+01 -4.4545E+01  8.6180E-01  1.3526E+02  1.7660E+01  1.3544E+02 -1.0000E+00 -1.0000E+00  2.4331E+00  2.8660E+00  2.4331E+00 -1.0000E+00 -1.0000E+00 -1.0000E+00
   10  9.5623E-01  1.3417E+02  4.9295E+01 -4.5831E+01  8.7150E-01  1.3417E+02  1.7893E+01  1.3417E+02 -1.0000E+00 -1.0000E+00  2.4648E+00  2.8660E+00  2.4648E+00 -1.0000E+00 -1.0000E+00 -1.0000E+00
   33   33      13.000000      -5.000000
  5
0.001  2.4933E-01 -4.6361E+01  1.6586E-02 -4.2106E+01  1.0225E+00  1.3359E+02  3.8451E-02  1.3870E+02 -1.0000E+00 -1.0000E+00  5.1124E-02 -1.0000E+00  5.1124E-02  2.8660E+00 -1.0000E+00 -1.0000E+00
 0.01  2.7397E-01 -4.8175E+01  1.2634E-02 -3.5945E+01  1.1282E+00  1.3171E+02  2.7373E-02  1.4696E+02 -1.0000E+00 -1.0000E+00  5.6412E-02 -1.0000E+00  5.6412E-02  2.8660E+00 -1.0000E+00 -1.0000E+00
  0.1  3.8214E-01 -5.2485E+01  6.8971E-03 -4.2012E+01  1.5862E+00  1.2744E+02  1.1072E-02  1.4224E+02 -1.0000E+00 -1.0000E+00  7.9308E-02 -1.0000E+00  7.9308E-02  2.8660E+00 -1.0000E+00 -1.0000E+00
    1  4.4108E-01 -4.4327E+01  8.0169E-03 -4.4678E+01  1.8298E+00  1.3569E+02  1.2858E-02  1.3520E+02 -1.0000E+00 -1.0000E+00  9.1489E-02 -1.0000E+00  9.1489E-02  2.8660E+00 -1.0000E+00 -1.0000E+00
   10  4.4342E-01 -4.5829E+01  8.0906E-03 -4.5831E+01  1.8400E+00  1.3417E+02  1.2974E-02  1.3417E+02 -1.0000E+00 -1.0000E+00  9.1999E-02 -1.0000E+00  9.1999E-02  2.8660E+00 -1.0000E+00 -1.0000E+00
   34   34      13.000000       5.000000
  5
0.001  1.3356E+03  1.3354E+02  2.3907E+01 -3.9799E+01  2.9969E+03  1.3351E+02  2.6807E+01 -3.7804E+01 -1.0000E+00 -1.0000E+00  1.4985E+02 -1.0000E+00  1.4985E+02  2.8660E+00 -1.0000E+00 -1.0000E+00
 0.01  1.4797E+03  1.3159E+02  1.5171E+01 -2.7260E+01  3.3302E+03  1.3152E+02  1.4967E+01 -1.8487E+01 -1.0000E+00 -1.0000E+00  1.6651E+02 -1.0000E+00  1.6651E+02  2.8660E+00 -1.0000E+00 -1.0000E+00
  0.1  2.0950E+03  1.2738E+02  2.9964E+00 -2.3552E+01  4.7372E+03  1.2735E+02  1.2922E+00  2.9905E+01 -1.0000E+00 -1.0000E+00  2.3686E+02 -1.0000E+00  2.3686E+02  2.8660E+00 -1.0000E+00 -1.0000E+00
    1  2.4167E+03  1.3570E+02  3.1986E+00 -4.5202E+01  5.4632E+03  1.3568E+02  1.7489E-01 -4.9137E+01 -1.0000E+00 -1.0000E+00  2.7316E+02 -1.0000E+00  2.7316E+02  2.8660E+00 -1.0000E+00 -1.0000E+00
   10  2.4300E+03  1.3417E+02  3.2236E+00 -4.5813E+01  5.4935E+03  1.3417E+02  1.7352E-01 -4.5832E+01 -1.0000E+00 -1.0000E+00  2.7468E+02 -1.0000E+00  2.7468E+02  2.8660E+00 -1.0000E+00 -1.0000E+00
   35   35      13.000000       9.000000
  5
0.001  1.3519E+02  1.3398E+02  8.1073E+00  1.3115E+02  1.2389E+03  1.3370E+02  3.0652E+02  1.3320E+02 -1.0000E+00 -1.0000E+00  6.1946E+01 -1.0000E+00  6.1946E+01  2.8660E+00 -1.0000E+00 -1.0000E+00
 0.01  1.4463E+02  1.3264E+02  1.1065E+01  1.2652E+02  1.3589E+03  1.3195E+02  3.5146E+02  1.3081E+02 -1.0000E+00 -1.0000E+00  6.7944E+01 -1.0000E+00  6.7944E+01  2.8660E+00 -1.0000E+00 -1.0000E+00
  0.1  1.8862E+02  1.2899E+02  1.9968E+01  1.2659E+02  1.8476E+03  1.2862E+02  5.0596E+02  1.2842E+02 -1.0000E+00 -1.0000E+00  9.2378E+01 -1.0000E+00  9.2378E+01  2.8660E+00 -1.0000E+00 -1.0000E+00
    1  2.0924E+02  1.3556E+02  2.1426E+01  1.3560E+02  2.0449E+03  1.3557E+02  5.5035E+02  1.3554E+02 -1.0000E+00 -1.0000E+00  1.0224E+02 -1.0000E+00  1.0224E+02  2.8660E+00 -1.0000E+00 -1.0000E+00
   10  2.1154E+02  1.3417E+02  2.1698E+01  1.3417E+02  2.0673E+03  1.3417E+02  5.5758E+02  1.3417E+02 -1.0000E+00 -1.0000E+00  1.0336E+02 -1.0000E+00  1.0336E+02  2.8660E+00 -1.0000E+00 -1.0000E+00
   36   36      13.000000      13.000000
  5
0.001  3.0460E+01  1.4063E+02  8.0618E+02 -4.4839E+01  1.0512E+00 -2.0343E+01  4.9718E+02  1.3500E+02 -1.0000E+00 -1.0000E+00  4.0309E+01  2.8660E+00  4.0309E+01 -1.0000E+00 -1.0000E+00 -1.0000E+00
 0.01  1.8859E+01  1.5456E+02  7.8091E+02 -4.4319E+01  1.3131E+00  5.2280E+01  4.8851E+02  1.3523E+02 -1.0000E+00 -1.0000E+00  3.9045E+01  2.8660E+00  3.9045E+01 -1.0000E+00 -1.0000E+00 -1.0000E+00
  0.1  2.8108E+00  1.6500E+02  8.1887E+02 -4.8013E+01  6.3252E+00  1.1490E+02  5.2845E+02  1.3171E+02 -1.0000E+00 -1.0000E+00  4.0943E+01  2.8660E+00  4.0943E+01 -1.0000E+00 -1.0000E+00 -1.0000E+00
    1  2.5690E+00  1.3440E+02  8.7403E+02 -4.4629E+01  5.5743E+00  1.3591E+02  5.6291E+02  1.3538E+02 -1.0000E+00 -1.0000E+00  4.3701E+01  2.8660E+00  4.3701E+01 -1.0000E+00 -1.0000E+00 -1.0000E+00
   10  2.6063E+00  1.3417E+02  8.8929E+02 -4.5841E+01  5.6778E+00  1.3416E+02  5.7271E+02  1.3418E+02 -1.0000E+00 -1.0000E+00  4.4464E+01  2.8660E+00  4.4464E+01 -1.0000E+00 -1.0000E+00 -1.0000E+00
END
