APP_RES_AND_PHS    37
    1    1     -12.666000     -12.666000
  4
0.001  1.7668E-01  1.4335E+02  9.4361E+00 -4.5018E+01  5.9870E-01  1.3493E+02  1.4266E-02 -3.7372E+01  4.7181E-01 -1.0000E+00  4.7181E-01  2.8660E+00  4.7181E-01  5.2004E+01  4.7181E-01 -1.0000E+00
 0.01  9.6099E-02  1.6679E+02  9.3051E+00 -4.5096E+01  5.9287E-01  1.3469E+02  7.9021E-03 -1.6564E+01  4.6525E-01 -1.0000E+00  4.6525E-01  2.8660E+00  4.6525E-01  5.1697E+01  4.6525E-01 -1.0000E+00
  0.1  1.8012E-02 -1.1893E+02  1.0492E+01 -5.0766E+01  6.8081E-01  1.2862E+02  9.3918E-04  4.2674E+01  5.2459E-01 -1.0000E+00  5.2459E-01  2.8660E+00  5.2459E-01  5.0402E+01  5.2459E-01 -1.0000E+00
    1  1.8517E-02 -8.4682E+01  1.3473E+01 -5.1082E+01  9.3428E-01  1.2706E+02  5.7639E-04  6.2494E+01  6.7367E-01 -1.0000E+00  6.7367E-01  2.8660E+00  6.7367E-01  4.6142E+01  6.7367E-01 -1.0000E+00
    2    2     -12.666000      -8.666000
  4
0.001  6.4950E-02  1.4367E+02  3.3718E+00 -4.4988E+01  2.2875E+00  1.3402E+02  5.6210E-02 -3.6457E+01  1.6859E-01 -1.0000E+00  1.6859E-01  2.8660E+00  1.6859E-01  4.2266E+00  1.6859E-01 -1.0000E+00
 0.01  3.5481E-02  1.6815E+02  3.2996E+00 -4.5093E+01  2.4409E+00  1.3225E+02  3.0756E-02 -1.1967E+01  1.6498E-01 -1.0000E+00  1.6498E-01  2.8660E+00  1.6498E-01  3.8756E+00  1.6498E-01 -1.0000E+00
  0.1  1.3183E-02 -1.1619E+02  3.8147E+00 -5.3038E+01  3.3628E+00  1.2492E+02  1.2938E-02  6.1234E+01  1.9074E-01 -1.0000E+00  1.9074E-01  2.8660E+00  1.9074E-01  3.2515E+00  1.9074E-01 -1.0000E+00
    1  3.7638E-02 -9.2771E+01  5.8068E+00 -5.5413E+01  5.3763E+00  1.2287E+02  5.4988E-02  8.4407E+01  2.9034E-01 -1.0000E+00  2.9034E-01  2.8660E+00  2.9034E-01  3.0957E+00  2.9034E-01 -1.0000E+00
    3    3     -12.666000      -4.666000
  4
0.001  9.5846E-01  1.4812E+02  2.2388E+02 -4.4937E+01  7.1624E+00  1.3302E+02  8.7613E-02 -3.6836E+01  1.1194E+01 -1.0000E+00  1.1194E+01  2.8660E+00  1.1194E+01 -1.0000E+00  1.1194E+01 -1.0000E+00
 0.01  5.4580E-01 -1.7051E+02  2.1736E+02 -4.4989E+01  8.2964E+00  1.2986E+02  4.8177E-02 -1.4358E+01  1.0868E+01 -1.0000E+00  1.0868E+01  2.8660E+00  1.0868E+01 -1.0000E+00  1.0868E+01 -1.0000E+00
  0.1  1.3542E+00 -9.5274E+01  2.5414E+02 -5.4158E+01  1.3442E+01  1.2219E+02  1.2933E-02  5.7791E+01  1.2707E+01 -1.0000E+00  1.2707E+01  2.8660E+00  1.2707E+01  7.0966E+01  1.2707E+01 -1.0000E+00
    1  8.1414E+00 -9.0619E+01  4.2566E+02 -5.6544E+01  2.3165E+01  1.2146E+02  1.8255E-02  1.0611E+02  2.1283E+01 -1.0000E+00  2.1283E+01  2.8660E+00  2.1283E+01  6.6745E+01  2.1283E+01 -1.0000E+00
    4    4     -12.666000       5.333000
  4
0.001  7.8899E-03 -3.7753E+01  7.7682E-01 -4.4646E+01  1.0523E+00  1.3336E+02  6.5246E-03  1.4252E+02  5.2616E-02 -1.0000E+00  5.2616E-02  3.8838E+00  5.2616E-02  2.8660E+00  5.2616E-02 -1.0000E+00
 0.01  4.3060E-03 -1.6385E+01  7.3737E-01 -4.4131E+01  1.1848E+00  1.3088E+02  3.3629E-03  1.6299E+02  5.9239E-02 -1.0000E+00  5.9239E-02  4.6080E+00  5.9239E-02  2.8660E+00  5.9239E-02 -1.0000E+00
  0.1  2.4680E-04  4.2016E+01  8.0506E-01 -5.2265E+01  1.7919E+00  1.2457E+02  4.1578E-05  1.3629E+02  8.9593E-02 -1.0000E+00  8.9593E-02  6.3895E+00  8.9593E-02  2.8660E+00  8.9593E-02 -1.0000E+00
    1  5.6376E-04 -9.9744E+01  1.1775E+00 -5.3038E+01  2.6048E+00  1.2802E+02  4.9045E-03  8.3937E+01  1.3024E-01 -1.0000E+00  1.3024E-01  6.3506E+00  1.3024E-01  2.8660E+00  1.3024E-01 -1.0000E+00
    5    5     -12.666000       9.333000
  4
0.001  4.7669E+00 -3.8229E+01  2.0957E+02 -4.5072E+01  1.1483E+03  1.3420E+02  1.4938E+01  1.4349E+02  5.7413E+01 -1.0000E+00  5.7413E+01  1.5900E+01  5.7413E+01  2.8660E+00  5.7413E+01 -1.0000E+00
 0.01  2.6843E+00 -1.9048E+01  2.0674E+02 -4.5325E+01  1.2051E+03  1.3288E+02  7.7058E+00  1.6824E+02  6.0253E+01 -1.0000E+00  6.0253E+01  1.6944E+01  6.0253E+01  2.8660E+00  6.0253E+01 -1.0000E+00
  0.1  1.4740E-01  1.5432E+01  2.4337E+02 -5.2851E+01  1.5882E+03  1.2627E+02  8.0006E-01 -1.1415E+02  7.9411E+01 -1.0000E+00  7.9411E+01  1.9044E+01  7.9411E+01  2.8660E+00  7.9411E+01 -1.0000E+00
    1  5.9267E-01 -8.8199E+01  3.5455E+02 -5.3660E+01  2.3112E+03  1.2587E+02  2.6094E-01 -9.8895E+01  1.1556E+02 -1.0000E+00  1.1556E+02  1.9022E+01  1.1556E+02  2.8660E+00  1.1556E+02 -1.0000E+00
    6    6     -12.666000      13.333000
  4
0.001  1.7876E-01 -3.7391E+01  8.0577E+00 -4.5226E+01  6.9627E+02  1.3495E+02  1.3268E+01  1.4311E+02  3.4813E+01 -1.0000E+00  3.4813E+01 -1.0000E+00  3.4813E+01  2.8660E+00  3.4813E+01 -1.0000E+00
 0.01  9.8894E-02 -1.4203E+01  8.0827E+00 -4.5768E+01  6.8674E+02  1.3490E+02  7.0426E+00  1.6638E+02  3.4337E+01 -1.0000E+00  3.4337E+01 -1.0000E+00  3.4337E+01  2.8660E+00  3.4337E+01 -1.0000E+00
  0.1  1.3415E-02  5.9415E+01  9.6301E+00 -5.2101E+01  7.7600E+02  1.2893E+02  7.3271E-01 -1.2358E+02  3.8800E+01 -1.0000E+00  3.8800E+01 -1.0000E+00  3.8800E+01  2.8660E+00  3.8800E+01 -1.0000E+00
    1  3.8111E-03  1.0900E+02  1.3455E+01 -5.3798E+01  1.0476E+03  1.2674E+02  4.5264E-01 -1.1462E+02  5.2381E+01 -1.0000E+00  5.2381E+01 -1.0000E+00  5.2381E+01  2.8660E+00  5.2381E+01 -1.0000E+00
    7    7      -8.666000     -12.666000
  4
0.001  2.3933E-01  1.4226E+02  1.1702E+01 -4.5914E+01  1.6048E+01  1.3505E+02  3.2600E-01 -3.7153E+01  8.0242E-01 -1.0000E+00  8.0242E-01  3.9319E+00  8.0242E-01  2.8660E+00  8.0242E-01 -1.0000E+00
 0.01  1.3546E-01  1.6133E+02  1.2426E+01 -4.7477E+01  1.5667E+01  1.3497E+02  1.7964E-01 -1.5333E+01  7.8334E-01 -1.0000E+00  7.8334E-01  3.6142E+00  7.8334E-01  2.8660E+00  7.8334E-01 -1.0000E+00
  0.1  1.6968E-02 -1.5125E+02  1.6734E+01 -5.3991E+01  1.8002E+01  1.2708E+02  3.1594E-02  5.0567E+01  9.0008E-01 -1.0000E+00  9.0008E-01  3.0833E+00  9.0008E-01  2.8660E+00  9.0008E-01 -1.0000E+00
    1  5.0920E-03 -1.5010E+02  2.3795E+01 -5.2891E+01  2.7717E+01  1.2429E+02  4.1082E-02  7.6850E+01  1.3858E+00 -1.0000E+00  1.3858E+00  3.3388E+00  1.3858E+00  2.8660E+00  1.3858E+00 -1.0000E+00
    8    8      -8.666000      -8.666000
  4
0.001  2.5799E-01  1.4317E+02  1.5123E+01 -4.5816E+01  1.7718E+01  1.3410E+02  1.9677E-01 -3.6655E+01  8.8591E-01 -1.0000E+00  8.8591E-01  3.3584E+00  8.8591E-01  2.8660E+00  8.8591E-01 -1.0000E+00
 0.01  1.4021E-01  1.6512E+02  1.5837E+01 -4.7189E+01  1.8698E+01  1.3253E+02  1.0400E-01 -1.3097E+01  9.3491E-01 -1.0000E+00  9.3491E-01  3.3843E+00  9.3491E-01  2.8660E+00  9.3491E-01 -1.0000E+00
  0.1  2.7073E-02 -1.2670E+02  2.1525E+01 -5.5441E+01  2.5987E+01  1.2417E+02  1.4743E-02  5.9129E+01  1.2993E+00 -1.0000E+00  1.2993E+00  3.4607E+00  1.2993E+00  2.8660E+00  1.2993E+00 -1.0000E+00
    1  1.9234E-02 -8.9021E+01  3.3454E+01 -5.3173E+01  4.1903E+01  1.2592E+02  1.1204E-02  6.9672E+01  2.0952E+00 -1.0000E+00  2.0952E+00  3.5907E+00  2.0952E+00  2.8660E+00  2.0952E+00 -1.0000E+00
    9    9      -8.666000      -4.666000
  4
0.001  2.4219E-03  1.4228E+02  3.2476E-01 -4.6021E+01  1.0029E+00  1.3270E+02  5.8685E-03 -3.7639E+01  5.0146E-02 -1.0000E+00  5.0146E-02  8.8824E+00  5.0146E-02  2.8660E+00  5.0146E-02 -1.0000E+00
 0.01  1.3560E-03  1.5920E+02  3.4432E-01 -4.7689E+01  1.1848E+00  1.2937E+02  3.1607E-03 -1.9006E+01  5.9240E-02 -1.0000E+00  5.9240E-02  9.9071E+00  5.9240E-02  2.8660E+00  5.9240E-02 -1.0000E+00
  0.1  8.2887E-05 -1.7006E+02  4.9666E-01 -5.6888E+01  2.0431E+00  1.2119E+02  5.1553E-05 -1.7865E+01  1.0216E-01 -1.0000E+00  1.0216E-01  1.1870E+01  1.0216E-01  2.8660E+00  1.0216E-01 -1.0000E+00
    1  9.5645E-04  8.0226E+01  8.1312E-01 -5.3325E+01  3.4178E+00  1.2680E+02  4.7139E-03 -9.0566E+01  1.7089E-01 -1.0000E+00  1.7089E-01  1.2132E+01  1.7089E-01  2.8660E+00  1.7089E-01 -1.0000E+00
   10   10      -8.666000       5.333000
  4
0.001  7.4980E-02 -3.7905E+01  6.9462E+00 -4.5776E+01  8.3789E-02  1.3313E+02  7.1126E-04  1.4181E+02  3.4731E-01 -1.0000E+00  3.4731E-01  2.8660E+00  3.4731E-01 -1.0000E+00  3.4731E-01 -1.0000E+00
 0.01  4.1309E-02 -1.7552E+01  7.2215E+00 -4.7041E+01  9.5553E-02  1.3046E+02  3.8116E-04  1.5868E+02  3.6108E-01 -1.0000E+00  3.6108E-01  2.8660E+00  3.6108E-01 -1.0000E+00  3.6108E-01 -1.0000E+00
  0.1  2.7985E-03  3.7252E+01  9.9575E+00 -5.5827E+01  1.5247E-01  1.2275E+02  2.6839E-05  1.3464E+02  4.9788E-01 -1.0000E+00  4.9788E-01  2.8660E+00  4.9788E-01 -1.0000E+00  4.9788E-01 -1.0000E+00
    1  1.0856E-02 -1.1268E+02  1.5130E+01 -5.0734E+01  2.3615E-01  1.2835E+02  7.1744E-04  8.6989E+01  7.5648E-01 -1.0000E+00  7.5648E-01  2.8660E+00  7.5648E-01 -1.0000E+00  7.5648E-01 -1.0000E+00
   11   11      -8.666000       9.333000
  4
0.001  7.4485E+00 -3.7502E+01  4.8117E+02 -4.5789E+01  6.2626E+00  1.3436E+02  8.6868E-02  1.4302E+02  2.4059E+01 -1.0000E+00  2.4059E+01  2.8660E+00  2.4059E+01 -1.0000E+00  2.4059E+01 -1.0000E+00
 0.01  4.0388E+00 -1.5294E+01  5.0357E+02 -4.7097E+01  6.4642E+00  1.3336E+02  4.5158E-02  1.6528E+02  2.5179E+01 -1.0000E+00  2.5179E+01  2.8660E+00  2.5179E+01 -1.0000E+00  2.5179E+01 -1.0000E+00
  0.1  3.5237E-01  4.8943E+01  6.7838E+02 -5.4516E+01  8.4423E+00  1.2592E+02  2.6462E-03 -1.3270E+02  3.3919E+01 -1.0000E+00  3.3919E+01  2.8660E+00  3.3919E+01 -1.0000E+00  3.3919E+01 -1.0000E+00
    1  2.5227E-02 -8.3661E+01  9.7303E+02 -5.0247E+01  1.2149E+01  1.2924E+02  2.4853E-03  9.6326E+01  4.8652E+01 -1.0000E+00  4.8652E+01  2.8660E+00  4.8652E+01 -1.0000E+00  4.8652E+01 -1.0000E+00
   12   12      -8.666000      13.333000
  4
0.001  1.3466E-01 -3.7339E+01  6.3705E+00 -4.5524E+01  5.3651E+01  1.3514E+02  8.6475E-01  1.4382E+02  2.6826E+00 -1.0000E+00  2.6826E+00  2.4904E+01  2.6826E+00  2.8660E+00  2.6826E+00 -1.0000E+00
 0.01  7.4200E-02 -1.4311E+01  6.5589E+00 -4.6498E+01  5.1931E+01  1.3538E+02  4.5706E-01  1.7007E+02  2.5965E+00 -1.0000E+00  2.5965E+00  2.3321E+01  2.5965E+00  2.8660E+00  2.5965E+00 -1.0000E+00
  0.1  1.3279E-02  5.5644E+01  8.2232E+00 -5.2382E+01  5.7970E+01  1.2836E+02  1.4053E-01 -1.0862E+02  2.8985E+00 -1.0000E+00  2.8985E+00  2.0639E+01  2.8985E+00  2.8660E+00  2.8985E+00 -1.0000E+00
    1  1.2973E-02  9.2652E+01  1.0922E+01 -5.1182E+01  8.1242E+01  1.2774E+02  2.9783E-01 -8.3783E+01  4.0621E+00 -1.0000E+00  4.0621E+00  2.1835E+01  4.0621E+00  2.8660E+00  4.0621E+00 -1.0000E+00
   13   13      -4.666000     -12.666000
  4
0.001  3.5644E+01  1.4400E+02  4.8178E+03 -4.6718E+01  2.8207E+01  1.3533E+02  2.0516E-01 -3.6966E+01  2.4089E+02 -1.0000E+00  2.4089E+02  2.8660E+00  2.4089E+02 -1.0000E+00  2.4089E+02 -1.0000E+00
 0.01  1.9183E+01  1.6975E+02  5.4692E+03 -4.9318E+01  2.6875E+01  1.3576E+02  1.1077E-01 -1.4892E+01  2.7346E+02 -1.0000E+00  2.7346E+02  2.8660E+00  2.7346E+02 -1.0000E+00  2.7346E+02 -1.0000E+00
  0.1  7.3004E+00 -1.1096E+02  8.3454E+03 -5.5181E+01  2.9589E+01  1.2808E+02  1.4983E-02  5.3454E+01  4.1727E+02 -1.0000E+00  4.1727E+02  2.8660E+00  4.1727E+02 -1.0000E+00  4.1727E+02 -1.0000E+00
    1  1.5459E+01 -8.0404E+01  1.1507E+04 -5.0212E+01  4.1735E+01  1.2850E+02  2.9512E-03  9.2182E+01  5.7533E+02 -1.0000E+00  5.7533E+02  2.8660E+00  5.7533E+02 -1.0000E+00  5.7533E+02 -1.0000E+00
   14   14      -4.666000      -8.666000
  4
0.001  2.3728E-04  1.4481E+02  3.1394E-02 -4.7202E+01  2.6706E+02  1.3436E+02  3.1075E+00 -3.7298E+01  1.3353E+01 -1.0000E+00  1.3353E+01 -1.0000E+00  1.3353E+01  2.8660E+00  1.3353E+01 -1.0000E+00
 0.01  1.2650E-04  1.7327E+02  3.6791E-02 -5.0405E+01  2.7468E+02  1.3318E+02  1.7034E+00 -1.6992E+01  1.3734E+01 -1.0000E+00  1.3734E+01 -1.0000E+00  1.3734E+01  2.8660E+00  1.3734E+01 -1.0000E+00
  0.1  9.6649E-05 -1.0755E+02  6.2359E-02 -5.8733E+01  3.7283E+02  1.2376E+02  3.0568E-01  4.0868E+01  1.8642E+01 -1.0000E+00  1.8642E+01 -1.0000E+00  1.8642E+01  2.8660E+00  1.8642E+01 -1.0000E+00
    1  3.9119E-04 -8.8587E+01  1.0493E-01 -5.3259E+01  6.1491E+02  1.2630E+02  2.7639E-01  7.7975E+01  3.0746E+01 -1.0000E+00  3.0746E+01 -1.0000E+00  3.0746E+01  2.8660E+00  3.0746E+01 -1.0000E+00
   15   15      -4.666000      -4.666000
  4
0.001  5.9060E+00  1.4292E+02  1.0622E+03 -4.7325E+01  1.8355E+02  1.3259E+02  4.6207E-01 -3.6186E+01  5.3109E+01 -1.0000E+00  5.3109E+01  2.8660E+00  5.3109E+01  1.6819E+01  5.3109E+01 -1.0000E+00
 0.01  3.2512E+00  1.6217E+02  1.2498E+03 -5.0584E+01  2.1774E+02  1.2921E+02  2.4336E-01 -1.1356E+01  6.2492E+01 -1.0000E+00  6.2492E+01  2.8660E+00  6.2492E+01  1.6678E+01  6.2492E+01 -1.0000E+00
  0.1  8.6692E-01 -1.4288E+02  2.2006E+03 -5.9765E+01  3.8821E+02  1.2031E+02  9.2958E-02  5.8334E+01  1.1003E+02 -1.0000E+00  1.1003E+02  2.8660E+00  1.1003E+02  1.6465E+01  1.1003E+02 -1.0000E+00
    1  1.9271E+00 -9.7540E+01  3.7554E+03 -5.2144E+01  6.5459E+02  1.2815E+02  5.1316E-01  8.0601E+01  1.8777E+02 -1.0000E+00  1.8777E+02  2.8660E+00  1.8777E+02  1.6670E+01  1.8777E+02 -1.0000E+00
   16   16      -4.666000       5.333000
  4
0.001  6.8984E-02 -3.9100E+01  1.6184E+01 -4.7408E+01  2.1896E+03  1.3266E+02  3.4799E+00  1.4401E+02  1.0948E+02 -1.0000E+00  1.0948E+02 -1.0000E+00  1.0948E+02  2.8660E+00  1.0948E+02 -1.0000E+00
 0.01  3.8218E-02 -2.3345E+01  1.9193E+01 -5.0704E+01  2.5785E+03  1.2939E+02  1.5989E+00  1.7062E+02  1.2893E+02 -1.0000E+00  1.2893E+02 -1.0000E+00  1.2893E+02  2.8660E+00  1.2893E+02 -1.0000E+00
  0.1  4.6017E-03 -7.1743E+01  3.3841E+01 -5.9502E+01  4.5420E+03  1.2004E+02  3.1934E-02 -3.1670E+01  2.2710E+02 -1.0000E+00  2.2710E+02 -1.0000E+00  2.2710E+02  2.8660E+00  2.2710E+02 -1.0000E+00
    1  1.9146E-01 -9.2945E+01  5.6001E+01 -5.0817E+01  8.0203E+03  1.2681E+02  4.6531E+00  7.6757E+01  4.0102E+02 -1.0000E+00  4.0102E+02 -1.0000E+00  4.0102E+02  2.8660E+00  4.0102E+02 -1.0000E+00
   17   17      -4.666000       9.333000
  4
0.001  5.8041E+01 -3.5721E+01  4.7575E+03 -4.7118E+01  2.0359E+03  1.3447E+02  7.9835E+00  1.4438E+02  2.3787E+02 -1.0000E+00  2.3787E+02  2.8660E+00  2.3787E+02  6.7099E+00  2.3787E+02 -1.0000E+00
 0.01  3.1139E+01 -6.1829E+00  5.5489E+03 -5.0151E+01  2.0731E+03  1.3354E+02  3.8700E+00  1.7265E+02  2.7745E+02 -1.0000E+00  2.7745E+02  2.8660E+00  2.7745E+02  7.6912E+00  2.7745E+02 -1.0000E+00
  0.1  2.2486E+01  7.4612E+01  9.1885E+03 -5.7506E+01  2.7379E+03  1.2442E+02  6.4597E-01 -9.8677E+01  4.5942E+02 -1.0000E+00  4.5942E+02  2.8660E+00  4.5942E+02  9.6601E+00  4.5942E+02 -1.0000E+00
    1  8.1683E+01  9.7463E+01  1.3888E+04 -5.0425E+01  4.4195E+03  1.2579E+02  1.4492E-01 -5.7056E+01  6.9438E+02 -1.0000E+00  6.9438E+02  2.8660E+00  6.9438E+02  9.0395E+00  6.9438E+02 -1.0000E+00
   18   18      -4.666000      13.333000
  4
0.001  4.5031E-05 -3.8276E+01  1.6782E-02 -4.6933E+01  2.1442E+00  1.3523E+02  1.1857E-02  1.4342E+02  1.0721E-01 -1.0000E+00  1.0721E-01 -1.0000E+00  1.0721E-01  2.8660E+00  1.0721E-01 -1.0000E+00
 0.01  2.3505E-05 -1.5270E+01  1.9397E-02 -4.9980E+01  2.0540E+00  1.3560E+02  6.1141E-03  1.6820E+02  1.0270E-01 -1.0000E+00  1.0270E-01 -1.0000E+00  1.0270E-01  2.8660E+00  1.0270E-01 -1.0000E+00
  0.1  3.2333E-06 -1.3212E+02  3.0986E-02 -5.6695E+01  2.2825E+00  1.2721E+02  7.3711E-04 -1.1284E+02  1.1413E-01 -1.0000E+00  1.1413E-01 -1.0000E+00  1.1413E-01  2.8660E+00  1.1413E-01 -1.0000E+00
    1  1.8737E-04 -9.5208E+01  4.8116E-02 -5.4754E+01  3.5118E+00  1.2460E+02  8.6519E-05 -1.5697E+01  1.7559E-01 -1.0000E+00  1.7559E-01 -1.0000E+00  1.7559E-01  2.8660E+00  1.7559E-01 -1.0000E+00
   19   19       5.333000     -12.666000
  4
0.001  3.8184E+00 -3.6912E+01  7.0761E+02 -4.6706E+01  4.9232E+01  1.3532E+02  5.4191E-01  1.4186E+02  3.5380E+01 -1.0000E+00  3.5380E+01  2.8660E+00  3.5380E+01  4.5943E+01  3.5380E+01 -1.0000E+00
 0.01  1.9276E+00 -1.3764E+01  8.0157E+02 -4.9328E+01  4.6937E+01  1.3571E+02  3.0743E-01  1.5945E+02  4.0078E+01 -1.0000E+00  4.0078E+01  2.8660E+00  4.0078E+01  5.8636E+01  4.0078E+01 -1.0000E+00
  0.1  5.1182E-03  1.1738E+02  1.2250E+03 -5.5693E+01  5.1799E+01  1.2778E+02  1.6370E-02 -1.7330E+02  6.1249E+01 -1.0000E+00  6.1249E+01  2.8660E+00  6.1249E+01 -1.0000E+00  6.1249E+01 -1.0000E+00
    1  3.1557E+00 -1.0537E+02  1.7973E+03 -5.2979E+01  7.5350E+01  1.2721E+02  1.7286E-01  8.1166E+01  8.9864E+01 -1.0000E+00  8.9864E+01  2.8660E+00  8.9864E+01 -1.0000E+00  8.9864E+01 -1.0000E+00
   20   20       5.333000      -8.666000
  4
0.001  1.2899E-01 -3.6994E+01  3.6985E+01 -4.7157E+01  1.8234E+03  1.3384E+02  1.6608E+01  1.4068E+02  9.1169E+01 -1.0000E+00  9.1169E+01 -1.0000E+00  9.1169E+01  2.8660E+00  9.1169E+01 -1.0000E+00
 0.01  6.3875E-02 -1.3926E+01  4.3152E+01 -5.0321E+01  1.9584E+03  1.3193E+02  9.7488E+00  1.5318E+02  9.7918E+01 -1.0000E+00  9.7918E+01 -1.0000E+00  9.7918E+01  2.8660E+00  9.7918E+01 -1.0000E+00
  0.1  4.9297E-06 -4.0826E+01  7.2887E+01 -5.8623E+01  2.8919E+03  1.2277E+02  2.1501E+00  1.2682E+02  1.4460E+02 -1.0000E+00  1.4460E+02 -1.0000E+00  1.4460E+02  2.8660E+00  1.4460E+02 -1.0000E+00
    1  8.3524E-02 -9.3031E+01  1.2301E+02 -5.3893E+01  4.7903E+03  1.2661E+02  2.4813E+01  9.2131E+01  2.3952E+02 -1.0000E+00  2.3952E+02 -1.0000E+00  2.3952E+02  2.8660E+00  2.3952E+02 -1.0000E+00
   21   21       5.333000      -4.666000
  4
0.001  5.6982E-03 -3.9814E+01  8.7108E-01 -4.6865E+01  4.8502E+00  1.3260E+02  1.5939E-02  1.4502E+02  2.4251E-01 -1.0000E+00  2.4251E-01  1.6165E+01  2.4251E-01  2.8660E+00  2.4251E-01 -1.0000E+00
 0.01  3.3948E-03 -2.8836E+01  9.8727E-01 -4.9588E+01  5.7487E+00  1.2915E+02  8.0559E-03  1.7511E+02  2.8744E-01 -1.0000E+00  2.8744E-01  1.6926E+01  2.8744E-01  2.8660E+00  2.8744E-01 -1.0000E+00
  0.1  1.0796E-03 -5.7714E+01  1.6272E+00 -5.9137E+01  1.0291E+01  1.1990E+02  4.4991E-03 -9.8912E+01  5.1456E-01 -1.0000E+00  5.1456E-01  1.8435E+01  5.1456E-01  2.8660E+00  5.1456E-01 -1.0000E+00
    1  1.1319E-02 -8.5577E+01  2.8324E+00 -5.3418E+01  1.8195E+01  1.2635E+02  7.9719E-03 -6.8179E+01  9.0974E-01 -1.0000E+00  9.0974E-01  1.8735E+01  9.0974E-01  2.8660E+00  9.0974E-01 -1.0000E+00
   22   22       5.333000       5.333000
  4
0.001  1.3015E+00  1.4209E+02  2.9409E+02 -4.7201E+01  9.4960E+01  1.3317E+02  8.1259E-01 -3.6867E+01  1.4705E+01 -1.0000E+00  1.4705E+01  2.8660E+00  1.4705E+01  8.9082E+00  1.4705E+01 -1.0000E+00
 0.01  7.1640E-01  1.5740E+02  3.4304E+02 -5.0268E+01  1.0752E+02  1.3052E+02  4.4541E-01 -1.5201E+01  1.7152E+01 -1.0000E+00  1.7152E+01  2.8660E+00  1.7152E+01  9.1795E+00  1.7152E+01 -1.0000E+00
  0.1  6.5964E-02  1.5317E+02  5.8745E+02 -5.9065E+01  1.7527E+02  1.2167E+02  1.1587E-01  5.5714E+01  2.9372E+01 -1.0000E+00  2.9372E+01  2.8660E+00  2.9372E+01  9.6473E+00  2.9372E+01 -1.0000E+00
    1  5.4866E-01  1.0771E+02  9.7117E+02 -5.1439E+01  2.8499E+02  1.2865E+02  1.4452E-01  9.2954E+01  4.8558E+01 -1.0000E+00  4.8558E+01  2.8660E+00  4.8558E+01  9.8103E+00  4.8558E+01 -1.0000E+00
   23   23       5.333000       9.333000
  4
0.001  1.6609E-01  1.4464E+02  4.2772E+01 -4.7025E+01  2.7383E+01  1.3447E+02  1.8877E-01 -3.7817E+01  2.1386E+00 -1.0000E+00  2.1386E+00  2.8660E+00  2.1386E+00  4.4793E+00  2.1386E+00 -1.0000E+00
 0.01  8.1943E-02  1.7063E+02  4.9489E+01 -4.9961E+01  2.7945E+01  1.3365E+02  1.0552E-01 -1.9792E+01  2.4745E+00 -1.0000E+00  2.4745E+00  2.8660E+00  2.4745E+00  5.0801E+00  2.4745E+00 -1.0000E+00
  0.1  1.0007E-02 -9.2984E+01  8.0779E+01 -5.7779E+01  3.6290E+01  1.2550E+02  3.5608E-03  1.0560E+01  4.0389E+00 -1.0000E+00  4.0389E+00  2.8660E+00  4.0389E+00  6.3901E+00  4.0389E+00 -1.0000E+00
    1  2.3158E-03  9.2876E+01  1.2864E+02 -5.2822E+01  5.2864E+01  1.2984E+02  8.0059E-02 -1.0052E+02  6.4318E+00 -1.0000E+00  6.4318E+00  2.8660E+00  6.4318E+00  6.9882E+00  6.4318E+00 -1.0000E+00
   24   24       5.333000      13.333000
  4
0.001  2.2208E+00  1.4172E+02  3.9681E+02 -4.6838E+01  9.9038E+01  1.3534E+02  8.1568E-01 -3.7929E+01  1.9840E+01 -1.0000E+00  1.9840E+01  2.8660E+00  1.9840E+01  1.1556E+01  1.9840E+01 -1.0000E+00
 0.01  1.2292E+00  1.5608E+02  4.5457E+02 -4.9733E+01  9.4200E+01  1.3585E+02  4.6278E-01 -2.0302E+01  2.2728E+01 -1.0000E+00  2.2728E+01  2.8660E+00  2.2728E+01  1.3962E+01  2.2728E+01 -1.0000E+00
  0.1  1.9108E-01  1.1165E+02  7.1468E+02 -5.6647E+01  1.0267E+02  1.2813E+02  2.0745E-02  8.8361E+00  3.5734E+01 -1.0000E+00  3.5734E+01  2.8660E+00  3.5734E+01  2.0367E+01  3.5734E+01 -1.0000E+00
    1  3.7151E+00  1.0220E+02  1.1445E+03 -5.6065E+01  1.4777E+02  1.2692E+02  2.4186E-01 -9.6434E+01  5.7224E+01 -1.0000E+00  5.7224E+01  2.8660E+00  5.7224E+01  2.2784E+01  5.7224E+01 -1.0000E+00
   25   25       9.333000     -12.666000
  4
0.001  3.7197E+01 -3.7452E+01  2.0914E+03 -4.5643E+01  3.6391E+02  1.3520E+02  9.8572E+00  1.4169E+02  1.0457E+02 -1.0000E+00  1.0457E+02  2.8660E+00  1.0457E+02  1.6700E+01  1.0457E+02 -1.0000E+00
 0.01  2.0130E+01 -1.6607E+01  2.1683E+03 -4.6723E+01  3.5140E+02  1.3540E+02  5.6950E+00  1.5891E+02  1.0841E+02 -1.0000E+00  1.0841E+02  2.8660E+00  1.0841E+02  1.7970E+01  1.0841E+02 -1.0000E+00
  0.1  1.1200E+00  3.7898E+01  2.7701E+03 -5.3108E+01  3.9064E+02  1.2837E+02  4.6292E-01 -1.7073E+02  1.3851E+02 -1.0000E+00  1.3851E+02  2.8660E+00  1.3851E+02  2.0766E+01  1.3851E+02 -1.0000E+00
    1  1.5049E+00 -8.6011E+01  3.9068E+03 -5.2787E+01  5.4963E+02  1.2747E+02  1.1230E+00  9.4510E+01  1.9534E+02 -1.0000E+00  1.9534E+02  2.8660E+00  1.9534E+02  2.0819E+01  1.9534E+02 -1.0000E+00
   26   26       9.333000      -8.666000
  4
0.001  3.8983E-02 -3.8166E+01  2.0469E+00 -4.5468E+01  4.9732E+01  1.3428E+02  1.1329E+00  1.4245E+02  2.4866E+00 -1.0000E+00  2.4866E+00 -1.0000E+00  2.4866E+00  2.8660E+00  2.4866E+00 -1.0000E+00
 0.01  2.1617E-02 -2.0747E+01  2.0833E+00 -4.6191E+01  5.1775E+01  1.3297E+02  6.2624E-01  1.6206E+02  2.5888E+00 -1.0000E+00  2.5888E+00 -1.0000E+00  2.5888E+00  2.8660E+00  2.5888E+00 -1.0000E+00
  0.1  1.2595E-03 -9.6270E+00  2.6271E+00 -5.3352E+01  6.9649E+01  1.2531E+02  7.0039E-02 -1.4481E+02  3.4824E+00 -1.0000E+00  3.4824E+00 -1.0000E+00  3.4824E+00  2.8660E+00  3.4824E+00 -1.0000E+00
    1  1.2648E-02 -8.6799E+01  3.6083E+00 -5.0077E+01  1.0410E+02  1.2817E+02  3.6395E-03  6.7319E+01  5.2049E+00 -1.0000E+00  5.2049E+00 -1.0000E+00  5.2049E+00  2.8660E+00  5.2049E+00 -1.0000E+00
   27   27       9.333000      -4.666000
  4
0.001  2.2561E-03 -3.5466E+01  5.7826E-01 -4.5827E+01  7.2355E+00  1.3283E+02  3.8737E-02  1.4453E+02  3.6178E-01 -1.0000E+00  3.6178E-01  3.8729E+01  3.6178E-01  2.8660E+00  3.6178E-01 -1.0000E+00
 0.01  1.1322E-03 -5.5845E+00  6.0308E-01 -4.7069E+01  8.4778E+00  1.2956E+02  1.9489E-02  1.7283E+02  4.2389E-01 -1.0000E+00  4.2389E-01  4.4658E+01  4.2389E-01  2.8660E+00  4.2389E-01 -1.0000E+00
  0.1  4.1460E-04  7.8985E+01  8.2948E-01 -5.5940E+01  1.4349E+01  1.2155E+02  5.7136E-03 -1.0101E+02  7.1745E-01 -1.0000E+00  7.1745E-01  5.9876E+01  7.1745E-01  2.8660E+00  7.1745E-01 -1.0000E+00
    1  1.0383E-03  8.9870E+01  1.2841E+00 -5.0938E+01  2.4100E+01  1.2618E+02  5.9011E-03 -8.2612E+01  1.2050E+00 -1.0000E+00  1.2050E+00  6.9781E+01  1.2050E+00  2.8660E+00  1.2050E+00 -1.0000E+00
   28   28       9.333000       5.333000
  4
0.001  2.9441E-03  1.4503E+02  5.5234E-01 -4.5647E+01  9.7389E-01  1.3298E+02  2.9633E-03 -3.3363E+01  4.8695E-02 -1.0000E+00  4.8695E-02  5.0578E+00  4.8695E-02  2.8660E+00  4.8695E-02 -1.0000E+00
 0.01  1.5589E-03  1.7399E+02  5.6794E-01 -4.6778E+01  1.1270E+00  1.2995E+02  1.5884E-03  3.8275E+00  5.6350E-02 -1.0000E+00  5.6350E-02  5.6941E+00  5.6350E-02  2.8660E+00  5.6350E-02 -1.0000E+00
  0.1  1.2280E-03 -1.0758E+02  7.6792E-01 -5.5806E+01  1.8601E+00  1.2222E+02  2.3080E-03  8.4935E+01  9.3004E-02 -1.0000E+00  9.3004E-02  6.9563E+00  9.3004E-02  2.8660E+00  9.3004E-02 -1.0000E+00
    1  7.3162E-03 -9.5798E+01  1.2436E+00 -5.3615E+01  2.9741E+00  1.2688E+02  1.2725E-02  9.0708E+01  1.4871E-01 -1.0000E+00  1.4871E-01  6.8675E+00  1.4871E-01  2.8660E+00  1.4871E-01 -1.0000E+00
   29   29       9.333000       9.333000
  4
0.001  3.2995E+00  1.4223E+02  2.5323E+02 -4.5873E+01  3.7831E+02  1.3448E+02  6.6311E+00 -3.7961E+01  1.8916E+01 -1.0000E+00  1.8916E+01  4.2839E+00  1.8916E+01  2.8660E+00  1.8916E+01 -1.0000E+00
 0.01  1.8044E+00  1.5937E+02  2.6694E+02 -4.7205E+01  3.8752E+02  1.3358E+02  3.7332E+00 -1.9989E+01  1.9376E+01 -1.0000E+00  1.9376E+01  4.1626E+00  1.9376E+01  2.8660E+00  1.9376E+01 -1.0000E+00
  0.1  7.6292E-02  1.5734E+02  3.5982E+02 -5.4245E+01  4.9613E+02  1.2635E+02  1.9610E-01  9.8206E+00  2.4807E+01 -1.0000E+00  2.4807E+01  3.9532E+00  2.4807E+01  2.8660E+00  2.4807E+01 -1.0000E+00
    1  1.7577E+00  9.3176E+01  5.0108E+02 -4.9907E+01  6.9995E+02  1.2909E+02  1.1831E+00 -8.3746E+01  3.4997E+01 -1.0000E+00  3.4997E+01  4.0050E+00  3.4997E+01  2.8660E+00  3.4997E+01 -1.0000E+00
   30   30       9.333000      13.333000
  4
0.001  3.1697E-02  1.4439E+02  2.7067E+00 -4.5875E+01  8.1789E+00  1.3518E+02  1.3359E-01 -3.7151E+01  4.0894E-01 -1.0000E+00  4.0894E-01  8.6900E+00  4.0894E-01  2.8660E+00  4.0894E-01 -1.0000E+00
 0.01  1.6432E-02  1.7096E+02  2.8652E+00 -4.7324E+01  7.9134E+00  1.3537E+02  7.4104E-02 -1.5700E+01  3.9567E-01 -1.0000E+00  3.9567E-01  7.9375E+00  3.9567E-01  2.8660E+00  3.9567E-01 -1.0000E+00
  0.1  4.6566E-03 -1.0583E+02  3.8060E+00 -5.3672E+01  8.7884E+00  1.2842E+02  1.0503E-02  5.3196E+01  4.3942E-01 -1.0000E+00  4.3942E-01  6.6298E+00  4.3942E-01  2.8660E+00  4.3942E-01 -1.0000E+00
    1  1.0385E-02 -9.5943E+01  5.3895E+00 -5.3415E+01  1.2347E+01  1.2653E+02  3.9726E-03  7.8611E+01  6.1737E-01 -1.0000E+00  6.1737E-01  6.5777E+00  6.1737E-01  2.8660E+00  6.1737E-01 -1.0000E+00
   31   31      13.333000     -12.666000
  4
0.001  3.2049E-02 -3.6877E+01  1.5753E+00 -4.4876E+01  3.6489E+00  1.3498E+02  9.1363E-02  1.4177E+02  1.8244E-01 -1.0000E+00  1.8244E-01  6.6508E+00  1.8244E-01  2.8660E+00  1.8244E-01 -1.0000E+00
 0.01  1.7219E-02 -1.3681E+01  1.5333E+00 -4.4656E+01  3.6037E+00  1.3480E+02  5.2039E-02  1.5908E+02  1.8018E-01 -1.0000E+00  1.8018E-01  6.7485E+00  1.8018E-01  2.8660E+00  1.8018E-01 -1.0000E+00
  0.1  2.4398E-03  5.8919E+01  1.6713E+00 -5.0080E+01  4.1000E+00  1.2931E+02  2.7594E-03  1.7443E+02  2.0500E-01 -1.0000E+00  2.0500E-01  7.0456E+00  2.0500E-01  2.8660E+00  2.0500E-01 -1.0000E+00
    1  1.7593E-03  8.7667E+01  2.1381E+00 -5.1747E+01  5.3402E+00  1.2851E+02  2.9936E-02  9.0608E+01  2.6701E-01 -1.0000E+00  2.6701E-01  7.1740E+00  2.6701E-01  2.8660E+00  2.6701E-01 -1.0000E+00
   32   32      13.333000      -8.666000
  4
0.001  3.6624E-02 -3.8197E+01  1.7069E+00 -4.4744E+01  1.1499E+00  1.3412E+02  2.1581E-02  1.4213E+02  8.5345E-02 -1.0000E+00  8.5345E-02  2.8660E+00  8.5345E-02  4.2565E+00  8.5345E-02 -1.0000E+00
 0.01  2.0661E-02 -2.0215E+01  1.6376E+00 -4.4265E+01  1.2193E+00  1.3250E+02  1.2021E-02  1.6097E+02  8.1878E-02 -1.0000E+00  8.1878E-02  2.8660E+00  8.1878E-02  3.8503E+00  8.1878E-02 -1.0000E+00
  0.1  1.0491E-03  3.4846E+00  1.7655E+00 -5.1027E+01  1.6469E+00  1.2593E+02  6.2172E-04 -1.6371E+02  8.8273E-02 -1.0000E+00  8.8273E-02  2.8660E+00  8.8273E-02  3.0725E+00  8.8273E-02 -1.0000E+00
    1  9.7021E-03 -9.4274E+01  2.3776E+00 -5.2238E+01  2.4147E+00  1.2599E+02  4.2536E-03  7.9935E+01  1.2074E-01 -1.0000E+00  1.2074E-01  2.9107E+00  1.2074E-01  2.8660E+00  1.2074E-01 -1.0000E+00
   33   33      13.333000      -4.666000
  4
0.001  2.7662E-02 -3.7309E+01  3.0969E+00 -4.4549E+01  2.3218E-02  1.3333E+02  1.6196E-04  1.4382E+02  1.5485E-01 -1.0000E+00  1.5485E-01  2.8660E+00  1.5485E-01 -1.0000E+00  1.5485E-01 -1.0000E+00
 0.01  1.5022E-02 -1.5732E+01  2.9160E+00 -4.3727E+01  2.6297E-02  1.3061E+02  8.5265E-05  1.6952E+02  1.4580E-01 -1.0000E+00  1.4580E-01  2.8660E+00  1.4580E-01 -1.0000E+00  1.4580E-01 -1.0000E+00
  0.1  1.7066E-03  4.8797E+01  3.0568E+00 -5.1261E+01  4.0362E-02  1.2423E+02  2.1253E-05 -1.0862E+02  1.5284E-01 -1.0000E+00  1.5284E-01  2.8660E+00  1.5284E-01 -1.0000E+00  1.5284E-01 -1.0000E+00
    1  1.1980E-04  1.5587E+02  4.2839E+00 -5.2883E+01  6.0597E-02  1.2610E+02  2.5943E-05 -6.6508E+01  2.1420E-01 -1.0000E+00  2.1420E-01  2.8660E+00  2.1420E-01 -1.0000E+00  2.1420E-01 -1.0000E+00
   34   34      13.333000       5.333000
  4
0.001  4.5466E-01  1.4289E+02  6.1142E+01 -4.4582E+01  4.5335E-01  1.3322E+02  1.8103E-03 -3.7236E+01  3.0571E+00 -1.0000E+00  3.0571E+00  2.8660E+00  3.0571E+00 -1.0000E+00  3.0571E+00 -1.0000E+00
 0.01  2.4721E-01  1.6316E+02  5.7767E+01 -4.3839E+01  5.1815E-01  1.3040E+02  9.8620E-04 -1.5455E+01  2.8884E+00 -1.0000E+00  2.8884E+00  2.8660E+00  2.8884E+00 -1.0000E+00  2.8884E+00 -1.0000E+00
  0.1  1.6041E-02 -1.3666E+02  6.1169E+01 -5.1263E+01  8.0516E-01  1.2441E+02  4.9083E-05  5.3099E+01  3.0584E+00 -1.0000E+00  3.0584E+00  2.8660E+00  3.0584E+00 -1.0000E+00  3.0584E+00 -1.0000E+00
    1  2.4524E-02  8.4321E+01  8.4428E+01 -5.1959E+01  1.1730E+00  1.2758E+02  6.1295E-05 -4.0715E+01  4.2214E+00 -1.0000E+00  4.2214E+00  2.8660E+00  4.2214E+00 -1.0000E+00  4.2214E+00 -1.0000E+00
   35   35      13.333000       9.333000
  4
0.001  1.6103E+01  1.4312E+02  7.1463E+02 -4.4795E+01  5.9026E+01  1.3429E+02  1.0265E+00 -3.5984E+01  3.5731E+01 -1.0000E+00  3.5731E+01  2.8660E+00  3.5731E+01  3.7254E+01  3.5731E+01 -1.0000E+00
 0.01  8.8684E+00  1.6513E+02  6.8914E+02 -4.4420E+01  6.1692E+01  1.3301E+02  5.5863E-01 -9.4314E+00  3.4457E+01 -1.0000E+00  3.4457E+01  2.8660E+00  3.4457E+01  3.3954E+01  3.4457E+01 -1.0000E+00
  0.1  1.8408E+00 -1.2396E+02  7.5150E+02 -5.1206E+01  8.0130E+01  1.2684E+02  2.6950E-01  7.1243E+01  3.7575E+01 -1.0000E+00  3.7575E+01  2.8660E+00  3.7575E+01  2.7965E+01  3.7575E+01 -1.0000E+00
    1  2.4444E+00 -9.7270E+01  1.0149E+03 -5.2161E+01  1.1349E+02  1.2644E+02  1.0041E+00  8.9882E+01  5.0745E+01 -1.0000E+00  5.0745E+01  2.8660E+00  5.0745E+01  2.6560E+01  5.0745E+01 -1.0000E+00
   36   36      13.333000      13.333000
  4
0.001  2.0948E-03  1.4315E+02  1.2987E-01 -4.5264E+01  7.2850E+00  1.3493E+02  1.3177E-01 -3.6516E+01  3.6425E-01 -1.0000E+00  3.6425E-01 -1.0000E+00  3.6425E-01  2.8660E+00  3.6425E-01 -1.0000E+00
 0.01  1.1181E-03  1.6491E+02  1.3056E-01 -4.5746E+01  7.2256E+00  1.3472E+02  7.1837E-02 -1.2252E+01  3.6128E-01 -1.0000E+00  3.6128E-01 -1.0000E+00  3.6128E-01  2.8660E+00  3.6128E-01 -1.0000E+00
  0.1  4.7405E-05 -1.2528E+02  1.5390E-01 -5.2233E+01  8.2301E+00  1.2924E+02  1.5740E-02  6.9437E+01  4.1151E-01 -1.0000E+00  4.1151E-01 -1.0000E+00  4.1151E-01  2.8660E+00  4.1151E-01 -1.0000E+00
    1  1.1274E-04  1.0378E+02  2.2502E-01 -5.5545E+01  1.0919E+01  1.2730E+02  1.6265E-02  1.0246E+02  5.4593E-01 -1.0000E+00  5.4593E-01 -1.0000E+00  5.4593E-01  2.8660E+00  5.4593E-01 -1.0000E+00
   99 99    0.0 0.0
  0
VTF   36
101     101           -13         -13
4
0.001 -8.804E-03  7.818E-03   -8.681E-03  7.106E-03   -4.402E-04  3.909E-04   -4.340E-04  3.553E-04
0.01  -3.213E-02  1.279E-02   -2.823E-02  1.104E-02   -1.606E-03  6.393E-04   -1.412E-03  5.522E-04
0.1   -1.473E-02  -3.422E-02  -1.326E-02  -3.130E-02  -7.367E-04  -1.711E-03  -6.628E-04  -1.565E-03
1     1.438E-02   -5.419E-03  1.560E-02   -7.456E-03  7.191E-04   -2.709E-04  7.799E-04   -3.728E-04
102     102           -13         -9
4
0.001 -1.071E-02  9.611E-03   -6.535E-03  5.315E-03   -5.356E-04  4.805E-04   -3.267E-04  2.658E-04
0.01  -3.914E-02  1.647E-02   -2.126E-02  8.268E-03   -1.957E-03  8.234E-04   -1.063E-03  4.134E-04
0.1   -2.346E-02  -3.920E-02  -9.915E-03  -2.668E-02  -1.173E-03  -1.960E-03  -4.958E-04  -1.334E-03
1     1.345E-02   -5.565E-03  2.019E-02   -1.461E-02  6.724E-04   -2.783E-04  1.009E-03   -7.304E-04
103     103           -13         -5
4
0.001 -1.388E-02  1.263E-02   -3.340E-03  2.454E-03   -6.941E-04  6.315E-04   -1.670E-04  1.227E-04
0.01  -5.098E-02  2.289E-02   -1.034E-02  2.652E-03   -2.549E-03  1.145E-03   -5.169E-04  1.326E-04
0.1   -3.774E-02  -4.662E-02  6.825E-04   -2.483E-02  -1.887E-03  -2.331E-03  3.412E-05   -1.242E-03
1     9.270E-03   3.245E-03   3.941E-02   -3.933E-02  4.635E-04   1.623E-04   1.971E-03   -1.966E-03
104     104           -13         5
4
0.001 -1.243E-02  1.115E-02   4.570E-03   -4.536E-03  -6.215E-04  5.575E-04   2.285E-04   -2.268E-04
0.01  -4.568E-02  1.898E-02   1.837E-02   -8.191E-03  -2.284E-03  9.492E-04   9.183E-04   -4.096E-04
0.1   -2.754E-02  -5.123E-02  1.298E-02   1.186E-02   -1.377E-03  -2.562E-03  6.488E-04   5.930E-04
1     3.109E-02   -2.195E-02  7.704E-03   -1.716E-02  1.554E-03   -1.098E-03  3.852E-04   -8.578E-04
105     105           -13         9
4
0.001 -1.014E-02  8.956E-03   6.845E-03   -6.480E-03  -5.069E-04  4.478E-04   3.423E-04   -3.240E-04
0.01  -3.692E-02  1.485E-02   2.627E-02   -1.126E-02  -1.846E-03  7.425E-04   1.313E-03   -5.630E-04
0.1   -1.849E-02  -4.293E-02  1.632E-02   2.227E-02   -9.246E-04  -2.146E-03  8.162E-04   1.114E-03
1     2.694E-02   -1.709E-02  -2.044E-03  -1.174E-02  1.347E-03   -8.546E-04  -1.022E-04  -5.869E-04
106     106           -13         13
4
0.001 -7.638E-03  6.552E-03   7.952E-03   -7.290E-03  -3.819E-04  3.276E-04   3.976E-04   -3.645E-04
0.01  -2.766E-02  9.695E-03   2.978E-02   -1.171E-02  -1.383E-03  4.847E-04   1.489E-03   -5.856E-04
0.1   -6.745E-03  -3.941E-02  1.395E-02   3.111E-02   -3.373E-04  -1.971E-03  6.973E-04   1.555E-03
1     3.702E-02   -3.244E-02  -1.677E-02  4.716E-03   1.851E-03   -1.622E-03  -8.385E-04  2.358E-04
107     107           -9          -13
4
0.001 -7.286E-03  6.618E-03   -1.127E-02  9.612E-03   -3.643E-04  3.309E-04   -5.634E-04  4.806E-04
0.01  -2.745E-02  1.116E-02   -3.808E-02  1.641E-02   -1.373E-03  5.581E-04   -1.904E-03  8.207E-04
0.1   -1.389E-02  -3.104E-02  -2.557E-02  -3.797E-02  -6.946E-04  -1.552E-03  -1.278E-03  -1.898E-03
1     1.735E-02   -1.827E-02  1.206E-02   -4.116E-03  8.674E-04   -9.135E-04  6.032E-04   -2.058E-04
108     108           -9          -9
4
0.001 -9.663E-03  8.866E-03   -9.735E-03  8.362E-03   -4.832E-04  4.433E-04   -4.868E-04  4.181E-04
0.01  -3.611E-02  1.570E-02   -3.298E-02  1.463E-02   -1.805E-03  7.852E-04   -1.649E-03  7.317E-04
0.1   -2.471E-02  -3.285E-02  -2.473E-02  -2.862E-02  -1.236E-03  -1.643E-03  -1.236E-03  -1.431E-03
1     7.858E-03   -1.367E-03  3.082E-03   4.415E-03   3.929E-04   -6.834E-05  1.541E-04   2.207E-04
109     109           -9          -5
4
0.001 -1.159E-02  1.063E-02   -5.290E-03  4.306E-03   -5.797E-04  5.315E-04   -2.645E-04  2.153E-04
0.01  -4.310E-02  1.870E-02   -1.706E-02  6.822E-03   -2.155E-03  9.349E-04   -8.530E-04  3.411E-04
0.1   -3.177E-02  -3.778E-02  -1.039E-02  -1.784E-02  -1.589E-03  -1.889E-03  -5.194E-04  -8.922E-04
1     8.735E-03   -3.825E-03  8.854E-03   -9.419E-03  4.367E-04   -1.912E-04  4.427E-04   -4.710E-04
110    110          -9          5
4
0.001 -1.125E-02  1.022E-02   5.704E-03   -5.525E-03  -5.624E-04  5.109E-04   2.852E-04   -2.762E-04
0.01  -4.163E-02  1.767E-02   2.278E-02   -8.856E-03  -2.081E-03  8.833E-04   1.139E-03   -4.428E-04
0.1   -2.858E-02  -3.943E-02  1.254E-02   2.344E-02   -1.429E-03  -1.971E-03  6.272E-04   1.172E-03
1     1.441E-02   -6.084E-03  -1.380E-02  6.077E-03   7.203E-04   -3.042E-04  -6.902E-04  3.039E-04
111    111          -9          9
4
0.001 -8.684E-03  7.824E-03   9.145E-03   -8.593E-03  -4.342E-04  3.912E-04   4.572E-04   -4.296E-04
0.01  -3.211E-02  1.358E-02   3.485E-02   -1.465E-02  -1.606E-03  6.790E-04   1.743E-03   -7.324E-04
0.1   -1.974E-02  -3.172E-02  2.246E-02   3.254E-02   -9.869E-04  -1.586E-03  1.123E-03   1.627E-03
1     1.180E-02   -3.262E-03  -9.536E-03  -3.190E-04  5.902E-04   -1.631E-04  -4.768E-04  -1.595E-05
112    112          -9          13
4
0.001 -6.770E-03  6.027E-03   1.079E-02   -9.980E-03  -3.385E-04  3.013E-04   5.395E-04   -4.990E-04
0.01  -2.485E-02  1.053E-02   4.016E-02   -1.736E-02  -1.243E-03  5.263E-04   2.008E-03   -8.681E-04
0.1   -1.371E-02  -2.404E-02  2.657E-02   3.533E-02   -6.857E-04  -1.202E-03  1.329E-03   1.766E-03
1     5.996E-03   1.009E-03   -3.149E-03  -6.561E-03  2.998E-04   5.046E-05   -1.574E-04  -3.281E-04
113    113          -5          -13
4
0.001 -4.606E-03  4.274E-03   -1.370E-02  1.189E-02   -2.303E-04  2.137E-04   -6.848E-04  5.943E-04
0.01  -1.787E-02  7.387E-03   -4.697E-02  2.083E-02   -8.936E-04  3.694E-04   -2.349E-03  1.041E-03
0.1   -9.105E-03  -1.817E-02  -3.494E-02  -4.212E-02  -4.552E-04  -9.087E-04  -1.747E-03  -2.106E-03
1     8.144E-03   -6.594E-03  5.239E-03   4.493E-03   4.072E-04   -3.297E-04  2.619E-04   2.247E-04
114    114          -5          -9
4
0.001 -6.062E-03  5.584E-03   -1.116E-02  9.595E-03   -3.031E-04  2.792E-04   -5.579E-04  4.797E-04
0.01  -2.323E-02  9.243E-03   -3.839E-02  1.560E-02   -1.161E-03  4.622E-04   -1.919E-03  7.799E-04
0.1   -1.296E-02  -2.449E-02  -2.538E-02  -4.108E-02  -6.482E-04  -1.224E-03  -1.269E-03  -2.054E-03
1     1.606E-02   -1.464E-02  2.709E-02   -2.149E-02  8.028E-04   -7.320E-04  1.354E-03   -1.074E-03
115    115          -5          -5
4
0.001 -7.511E-03  6.904E-03   -6.897E-03  5.796E-03   -3.755E-04  3.452E-04   -3.449E-04  2.898E-04
0.01  -2.820E-02  1.156E-02   -2.274E-02  9.530E-03   -1.410E-03  5.778E-04   -1.137E-03  4.765E-04
0.1   -1.933E-02  -2.325E-02  -1.679E-02  -1.700E-02  -9.663E-04  -1.163E-03  -8.395E-04  -8.502E-04
1     3.905E-03   -4.529E-03  -1.926E-03  7.673E-03   1.953E-04   -2.264E-04  -9.628E-05  3.836E-04
116    116          -5          5
4
0.001 -7.019E-03  6.400E-03   7.464E-03   -7.171E-03  -3.509E-04  3.200E-04   3.732E-04   -3.585E-04
0.01  -2.642E-02  1.060E-02   2.882E-02   -1.204E-02  -1.321E-03  5.302E-04   1.441E-03   -6.019E-04
0.1   -1.673E-02  -2.550E-02  2.077E-02   1.937E-02   -8.367E-04  -1.275E-03  1.038E-03   9.684E-04
1     1.371E-02   -9.683E-03  7.865E-03   -1.720E-02  6.855E-04   -4.842E-04  3.933E-04   -8.600E-04
117    117          -5          9
4
0.001 -5.693E-03  5.210E-03   1.063E-02   -9.965E-03  -2.847E-04  2.605E-04   5.316E-04   -4.983E-04
0.01  -2.148E-02  9.342E-03   4.036E-02   -1.675E-02  -1.074E-03  4.671E-04   2.018E-03   -8.375E-04
0.1   -1.429E-02  -1.800E-02  2.698E-02   3.783E-02   -7.146E-04  -9.000E-04  1.349E-03   1.892E-03
1     1.131E-03   3.505E-03   -1.382E-02  2.704E-03   5.655E-05   1.753E-04   -6.908E-04  1.352E-04
118    118          -5          13
4
0.001 -3.768E-03  3.379E-03   1.308E-02   -1.215E-02  -1.884E-04  1.690E-04   6.541E-04   -6.073E-04
0.01  -1.458E-02  5.750E-03   4.865E-02   -2.171E-02  -7.288E-04  2.875E-04   2.433E-03   -1.086E-03
0.1   -6.064E-03  -1.998E-02  3.620E-02   4.153E-02   -3.032E-04  -9.992E-04  1.810E-03   2.076E-03
1     1.645E-02   -2.536E-02  -2.482E-03  -1.250E-02  8.227E-04   -1.268E-03  -1.241E-04  -6.250E-04
119    119          5           -13
4
0.001 4.624E-03   -3.953E-03  -1.343E-02  1.166E-02   2.312E-04   -1.976E-04  -6.714E-04  5.830E-04
0.01  1.534E-02   -6.095E-03  -4.645E-02  2.010E-02   7.672E-04   -3.048E-04  -2.323E-03  1.005E-03
0.1   9.255E-03   1.266E-02   -3.219E-02  -4.730E-02  4.628E-04   6.329E-04   -1.609E-03  -2.365E-03
1     4.812E-03   -1.066E-02  1.958E-02   -9.723E-03  2.406E-04   -5.332E-04  9.791E-04   -4.862E-04
120    120          5           -9
4
0.001 5.321E-03   -4.577E-03  -1.177E-02  1.024E-02   2.661E-04   -2.288E-04  -5.885E-04  5.121E-04
0.01  1.796E-02   -6.581E-03  -4.055E-02  1.748E-02   8.982E-04   -3.290E-04  -2.028E-03  8.742E-04
0.1   1.018E-02   1.692E-02   -3.108E-02  -3.475E-02  5.091E-04   8.460E-04   -1.554E-03  -1.737E-03
1     -2.639E-03  1.159E-04   6.451E-03   -1.538E-03  -1.320E-04  5.797E-06   3.226E-04   -7.692E-05
121    121          5           -5
4
0.001 6.677E-03   -5.885E-03  -6.994E-03  5.912E-03   3.338E-04   -2.943E-04  -3.497E-04  2.956E-04
0.01  2.278E-02   -9.236E-03  -2.332E-02  9.645E-03   1.139E-03   -4.618E-04  -1.166E-03  4.823E-04
0.1   1.645E-02   1.263E-02   -1.700E-02  -1.825E-02  8.226E-04   6.317E-04   -8.498E-04  -9.126E-04
1     1.480E-02   -2.904E-02  -3.418E-04  -1.031E-03  7.398E-04   -1.452E-03  -1.709E-05  -5.156E-05
122    122          5           5
4
0.001 6.833E-03   -5.994E-03  7.145E-03   -6.781E-03  3.417E-04   -2.997E-04  3.572E-04   -3.391E-04
0.01  2.352E-02   -8.769E-03  2.766E-02   -1.040E-02  1.176E-03   -4.385E-04  1.383E-03   -5.201E-04
0.1   1.442E-02   2.035E-02   1.674E-02   2.724E-02   7.210E-04   1.017E-03   8.371E-04   1.362E-03
1     -2.549E-03  -2.945E-03  -1.691E-02  1.172E-02   -1.274E-04  -1.473E-04  -8.453E-04  5.861E-04
123    123          5           9
4
0.001 5.510E-03   -4.827E-03  1.184E-02   -1.119E-02  2.755E-04   -2.413E-04  5.918E-04   -5.594E-04
0.01  1.903E-02   -6.882E-03  4.467E-02   -1.997E-02  9.517E-04   -3.441E-04  2.234E-03   -9.986E-04
0.1   9.879E-03   1.923E-02   3.592E-02   3.145E-02   4.939E-04   9.616E-04   1.796E-03   1.573E-03
1     -8.439E-03  1.287E-03   9.466E-03   -2.374E-02  -4.220E-04  6.435E-05   4.733E-04   -1.187E-03
124    124          5           13
4
0.001 4.092E-03   -3.539E-03  1.273E-02   -1.176E-02  2.046E-04   -1.770E-04  6.363E-04   -5.880E-04
0.01  1.385E-02   -4.841E-03  4.725E-02   -2.043E-02  6.926E-04   -2.420E-04  2.363E-03   -1.021E-03
0.1   5.494E-03   1.412E-02   3.310E-02   4.317E-02   2.747E-04   7.058E-04   1.655E-03   2.159E-03
1     -4.476E-03  -4.492E-03  -8.225E-03  -6.491E-05  -2.238E-04  -2.246E-04  -4.112E-04  -3.246E-06
125    125          9           -13
4
0.001 7.288E-03   -6.285E-03  -1.119E-02  9.555E-03   3.644E-04   -3.143E-04  -5.593E-04  4.778E-04
0.01  2.479E-02   -9.879E-03  -3.820E-02  1.594E-02   1.240E-03   -4.939E-04  -1.910E-03  7.972E-04
0.1   1.405E-02   2.362E-02   -2.292E-02  -4.225E-02  7.023E-04   1.181E-03   -1.146E-03  -2.112E-03
1     -5.393E-04  -8.070E-03  2.291E-02   -1.363E-02  -2.697E-05  -4.035E-04  1.146E-03   -6.816E-04
126    126          9           -9
4
0.001 9.809E-03   -8.640E-03  -9.492E-03  8.134E-03   4.905E-04   -4.320E-04  -4.746E-04  4.067E-04
0.01  3.403E-02   -1.419E-02  -3.243E-02  1.367E-02   1.702E-03   -7.096E-04  -1.622E-03  6.837E-04
0.1   2.309E-02   2.865E-02   -2.092E-02  -3.198E-02  1.155E-03   1.433E-03   -1.046E-03  -1.599E-03
1     3.303E-03   -1.536E-02  1.093E-02   -7.883E-03  1.652E-04   -7.679E-04  5.466E-04   -3.941E-04
127    127          9           -5
4
0.001 1.171E-02   -1.043E-02  -5.479E-03  4.538E-03   5.857E-04   -5.214E-04  -2.739E-04  2.269E-04
0.01  4.112E-02   -1.726E-02  -1.817E-02  7.305E-03   2.056E-03   -8.630E-04  -9.084E-04  3.653E-04
0.1   2.978E-02   3.359E-02   -1.016E-02  -1.932E-02  1.489E-03   1.679E-03   -5.081E-04  -9.660E-04
1     1.848E-03   -1.625E-02  1.061E-02   -7.530E-03  9.241E-05   -8.125E-04  5.307E-04   -3.765E-04
128    128          9           5
4
0.001 1.079E-02   -9.551E-03  6.213E-03   -5.995E-03  5.393E-04   -4.775E-04  3.107E-04   -2.997E-04
0.01  3.782E-02   -1.509E-02  2.410E-02   -1.018E-02  1.891E-03   -7.543E-04  1.205E-03   -5.088E-04
0.1   2.439E-02   3.469E-02   1.755E-02   1.700E-02   1.219E-03   1.734E-03   8.776E-04   8.501E-04
1     -8.641E-03  -6.877E-03  3.934E-03   -1.226E-02  -4.320E-04  -3.438E-04  1.967E-04   -6.132E-04
129    129          9           9
4
0.001 8.806E-03   -7.740E-03  9.367E-03   -8.749E-03  4.403E-04   -3.870E-04  4.683E-04   -4.375E-04
0.01  3.065E-02   -1.199E-02  3.535E-02   -1.469E-02  1.532E-03   -5.994E-04  1.767E-03   -7.343E-04
0.1   1.761E-02   2.950E-02   2.330E-02   3.252E-02   8.807E-04   1.475E-03   1.165E-03   1.626E-03
1     -7.186E-03  -3.631E-03  -9.682E-03  1.788E-03   -3.593E-04  -1.816E-04  -4.841E-04  8.940E-05
130    130          9           13
4
0.001 6.982E-03   -6.043E-03  1.098E-02   -1.012E-02  3.491E-04   -3.021E-04  5.489E-04   -5.059E-04
0.01  2.395E-02   -8.813E-03  4.065E-02   -1.735E-02  1.197E-03   -4.407E-04  2.032E-03   -8.675E-04
0.1   1.069E-02   2.497E-02   2.691E-02   3.617E-02   5.343E-04   1.249E-03   1.345E-03   1.808E-03
1     -8.836E-03  -1.235E-03  -3.526E-03  -2.974E-03  -4.418E-04  -6.174E-05  -1.763E-04  -1.487E-04
131    131          13          -13
4
0.001 8.499E-03   -7.196E-03  -8.827E-03  7.370E-03   4.249E-04   -3.598E-04  -4.414E-04  3.685E-04
0.01  2.874E-02   -1.050E-02  -2.923E-02  1.209E-02   1.437E-03   -5.251E-04  -1.462E-03  6.047E-04
0.1   1.197E-02   3.316E-02   -1.585E-02  -2.871E-02  5.987E-04   1.658E-03   -7.926E-04  -1.436E-03
1     -1.237E-02  5.971E-03   6.672E-03   -2.022E-04  -6.185E-04  2.985E-04   3.336E-04   -1.011E-05
132    132          13          -9
4
0.001 1.206E-02   -1.060E-02  -7.471E-03  6.304E-03   6.028E-04   -5.300E-04  -3.735E-04  3.152E-04
0.01  4.178E-02   -1.793E-02  -2.503E-02  1.081E-02   2.089E-03   -8.965E-04  -1.252E-03  5.405E-04
0.1   2.908E-02   3.742E-02   -1.500E-02  -2.382E-02  1.454E-03   1.871E-03   -7.499E-04  -1.191E-03
1     2.479E-03   -1.520E-02  2.423E-03   6.017E-04   1.239E-04   -7.600E-04  1.211E-04   3.009E-05
133    133          13          -5
4
0.001 1.343E-02   -1.187E-02  -4.467E-03  3.644E-03   6.715E-04   -5.936E-04  -2.233E-04  1.822E-04
0.01  4.702E-02   -1.991E-02  -1.426E-02  6.404E-03   2.351E-03   -9.953E-04  -7.130E-04  3.202E-04
0.1   3.248E-02   4.507E-02   -8.708E-03  -1.062E-02  1.624E-03   2.253E-03   -4.354E-04  -5.309E-04
1     -8.740E-03  -7.470E-03  -7.138E-03  1.230E-02   -4.370E-04  -3.735E-04  -3.569E-04  6.148E-04
134    134          13          5
4
0.001 1.333E-02   -1.179E-02  4.231E-03   -4.165E-03  6.665E-04   -5.897E-04  2.115E-04   -2.083E-04
0.01  4.676E-02   -1.955E-02  1.684E-02   -7.117E-03  2.338E-03   -9.773E-04  8.422E-04   -3.559E-04
0.1   3.141E-02   4.550E-02   1.163E-02   1.203E-02   1.571E-03   2.275E-03   5.817E-04   6.016E-04
1     -1.125E-02  -2.451E-03  9.777E-04   -1.007E-02  -5.623E-04  -1.225E-04  4.889E-05   -5.033E-04
135    135          13          9
4
0.001 1.079E-02   -9.409E-03  7.201E-03   -6.746E-03  5.394E-04   -4.705E-04  3.601E-04   -3.373E-04
0.01  3.730E-02   -1.486E-02  2.727E-02   -1.128E-02  1.865E-03   -7.432E-04  1.364E-03   -5.642E-04
0.1   2.130E-02   3.724E-02   1.701E-02   2.423E-02   1.065E-03   1.862E-03   8.507E-04   1.211E-03
1     -9.161E-03  -3.723E-03  -5.336E-03  -2.026E-03  -4.581E-04  -1.861E-04  -2.668E-04  -1.013E-04
136    136          13          13
4
0.001 8.097E-03   -6.875E-03  8.199E-03   -7.457E-03  4.049E-04   -3.438E-04  4.099E-04   -3.728E-04
0.01  2.746E-02   -9.515E-03  3.033E-02   -1.163E-02  1.373E-03   -4.758E-04  1.517E-03   -5.816E-04
0.1   9.663E-03   3.212E-02   1.437E-02   3.136E-02   4.832E-04   1.606E-03   7.184E-04   1.568E-03
1     -1.724E-02  9.252E-03   -1.424E-02  8.508E-03   -8.622E-04  4.626E-04   -7.121E-04  4.254E-04
NMT2_APP_RES_AND_PHS  7
201     99           0.0          0.0          0.0          15.0         0.0          0.0          10.0         0.0
5
0.001   3.8084E-04  -4.1151E+01   4.1260E+01  -4.6929E+01   5.5395E+01   1.3420E+02   1.3756E-04   1.3735E+02   2.7698E+00  -1.0000E+00   2.7698E+00   3.8491E+00   2.7698E+00   2.8660E+00   2.7698E+00  -1.0000E+00
 0.01   1.2163E-04  -5.3921E+00   4.6820E+01  -4.9715E+01   5.7375E+01   1.3279E+02   2.5802E-05   1.6213E+02   2.8688E+00  -1.0000E+00   2.8688E+00   3.5128E+00   2.8688E+00   2.8660E+00   2.8688E+00  -1.0000E+00
  0.1   5.4077E-04  -1.2769E+02   7.9533E+01  -5.9998E+01   8.2698E+01   1.2241E+02   8.1100E-04   7.0034E+01   4.1349E+00  -1.0000E+00   4.1349E+00   2.9801E+00   4.1349E+00   2.8660E+00   4.1349E+00  -1.0000E+00
    1   1.2417E-02  -9.2942E+01   1.4186E+02  -5.1890E+01   1.3983E+02   1.2834E+02   1.0909E-02   9.9965E+01   7.0928E+00  -1.0000E+00   7.0928E+00   2.8660E+00   7.0928E+00   2.9075E+00   7.0928E+00  -1.0000E+00
   10   1.2948E-01  -1.1657E+02   2.4599E+02  -6.2528E+01   2.3740E+02   1.1664E+02   1.4942E-01   2.2832E+01   1.2300E+01  -1.0000E+00   1.2300E+01   2.8660E+00   1.2300E+01   2.9697E+00   1.2300E+01  -1.0000E+00
202     99           0.0          0.0          0.0          15.0         0.0          0.0          -8.0         0.0
5
0.001   1.4148E-04  -4.0594E+01   3.6737E+01  -4.7388E+01   5.5395E+01   1.3420E+02   1.3756E-04   1.3735E+02   2.7698E+00  -1.0000E+00   2.7698E+00   4.3239E+00   2.7698E+00   2.8660E+00   2.7698E+00  -1.0000E+00
 0.01   1.0556E-04   4.1733E+01   4.3269E+01  -5.0704E+01   5.7375E+01   1.3279E+02   2.5802E-05   1.6213E+02   2.8688E+00  -1.0000E+00   2.8688E+00   3.8016E+00   2.8688E+00   2.8660E+00   2.8688E+00  -1.0000E+00
  0.1   2.4661E-04   1.6958E+02   7.8152E+01  -6.0782E+01   8.2698E+01   1.2241E+02   8.1100E-04   7.0034E+01   4.1349E+00  -1.0000E+00   4.1349E+00   3.0329E+00   4.1349E+00   2.8660E+00   4.1349E+00  -1.0000E+00
    1   1.7968E-03  -1.0885E+02   1.4079E+02  -5.1779E+01   1.3983E+02   1.2834E+02   1.0909E-02   9.9965E+01   7.0395E+00  -1.0000E+00   7.0395E+00   2.8660E+00   7.0395E+00   2.8856E+00   7.0395E+00  -1.0000E+00
   10   1.8913E-01  -1.4800E+02   2.4546E+02  -6.3264E+01   2.3740E+02   1.1664E+02   1.4942E-01   2.2832E+01   1.2273E+01  -1.0000E+00   1.2273E+01   2.8660E+00   1.2273E+01   2.9633E+00   1.2273E+01  -1.0000E+00
203     99           0.0          0.0          -8.0         0.0          0.0          0.0          -15.0        -15.0
5
0.001   1.4148E-04  -4.0594E+01   3.6737E+01  -4.7388E+01   6.8930E+01   1.3496E+02   5.1187E+00  -3.8825E+01   3.4465E+00  -1.0000E+00   3.4465E+00   5.3831E+00   3.4465E+00   2.8660E+00   3.4465E+00   4.2323E+01
 0.01   1.0556E-04   4.1733E+01   4.3269E+01  -5.0704E+01   6.7213E+01   1.3458E+02   3.1011E+00  -2.5521E+01   3.3606E+00  -1.0000E+00   3.3606E+00   4.4546E+00   3.3606E+00   2.8660E+00   3.3606E+00  -1.0000E+00
  0.1   2.4661E-04   1.6958E+02   7.8152E+01  -6.0782E+01   8.4990E+01   1.2454E+02   8.2452E-01   5.0539E+00   4.2495E+00  -1.0000E+00   4.2495E+00   3.1170E+00   4.2495E+00   2.8660E+00   4.2495E+00  -1.0000E+00
    1   1.7968E-03  -1.0885E+02   1.4079E+02  -5.1779E+01   1.3635E+02   1.2850E+02   2.0123E-02   1.0123E+02   7.0395E+00  -1.0000E+00   7.0395E+00   2.8660E+00   7.0395E+00   2.9594E+00   7.0395E+00  -1.0000E+00
   10   1.8913E-01  -1.4800E+02   2.4546E+02  -6.3264E+01   2.3111E+02   1.1400E+02   3.2254E-02   1.1886E+02   1.2273E+01  -1.0000E+00   1.2273E+01   2.8660E+00   1.2273E+01   3.0440E+00   1.2273E+01  -1.0000E+00
204     99           0.0          0.0          10.0         0.0          0.0          0.0          -15.0        -15.0
5
0.001   3.8084E-04  -4.1151E+01   4.1260E+01  -4.6929E+01   6.9055E+01   1.3496E+02   3.5974E+00  -3.8733E+01   3.4528E+00  -1.0000E+00   3.4528E+00   4.8003E+00   3.4528E+00   2.8660E+00   3.4528E+00   7.3697E+01
 0.01   1.2163E-04  -5.3921E+00   4.6820E+01  -4.9715E+01   6.7341E+01   1.3456E+02   2.1678E+00  -2.5310E+01   3.3671E+00  -1.0000E+00   3.3671E+00   4.1240E+00   3.3671E+00   2.8660E+00   3.3671E+00  -1.0000E+00
  0.1   5.4077E-04  -1.2769E+02   7.9533E+01  -5.9998E+01   8.5324E+01   1.2447E+02   5.8570E-01   6.5642E+00   4.2662E+00  -1.0000E+00   4.2662E+00   3.0749E+00   4.2662E+00   2.8660E+00   4.2662E+00  -1.0000E+00
    1   1.2417E-02  -9.2942E+01   1.4186E+02  -5.1890E+01   1.3777E+02   1.2832E+02   3.6966E-02   1.0115E+02   7.0928E+00  -1.0000E+00   7.0928E+00   2.8660E+00   7.0928E+00   2.9510E+00   7.0928E+00  -1.0000E+00
   10   1.2948E-01  -1.1657E+02   2.4599E+02  -6.2528E+01   2.3627E+02   1.1457E+02   8.1423E-02   1.6352E+02   1.2300E+01  -1.0000E+00   1.2300E+01   2.8660E+00   1.2300E+01   2.9840E+00   1.2300E+01  -1.0000E+00
205     99           20.0         20.0         10.0         20.0         20.0         20.0         20.0         10.0
5
0.001   9.2621E-01   1.4228E+02   9.3289E+01  -4.4444E+01   9.2394E+01   1.3575E+02   1.0230E+00  -3.8936E+01   4.6644E+00  -1.0000E+00   4.6644E+00   2.8660E+00   4.6644E+00   2.8938E+00   4.6644E+00  -1.0000E+00
 0.01   5.3907E-01   1.5997E+02   8.6820E+01  -4.4257E+01   8.4695E+01   1.3614E+02   6.4047E-01  -2.4097E+01   4.3410E+00  -1.0000E+00   4.3410E+00   2.8660E+00   4.3410E+00   2.9379E+00   4.3410E+00  -1.0000E+00
  0.1   1.2799E-01  -1.3755E+02   1.0145E+02  -5.2201E+01   9.6689E+01   1.2848E+02   1.1690E-01   2.1992E+01   5.0723E+00  -1.0000E+00   5.0723E+00   2.8660E+00   5.0723E+00   3.0071E+00   5.0723E+00  -1.0000E+00
    1   3.1153E-02  -2.9711E+01   1.3809E+02  -4.7259E+01   1.2766E+02   1.3151E+02   1.1950E-03  -1.3642E+02   6.9045E+00  -1.0000E+00   6.9045E+00   2.8660E+00   6.9045E+00   3.1004E+00   6.9045E+00  -1.0000E+00
   10   1.7989E-01   4.9412E+01   1.4159E+02  -5.3544E+01   1.4748E+02   1.2412E+02   2.4632E-01  -8.7235E+01   7.3740E+00  -1.0000E+00   7.3740E+00   2.9854E+00   7.3740E+00   2.8660E+00   7.3740E+00  -1.0000E+00
206     99           15.0         -15.0        20.0         0.0          15.0         -15.0        5.0          -5.0
5
0.001   9.2046E-01  -3.8064E+01   8.5189E+01  -4.4518E+01   7.4005E+01   1.3514E+02   1.0969E-01   1.4238E+02   4.2595E+00  -1.0000E+00   4.2595E+00   2.8660E+00   4.2595E+00   3.2996E+00   4.2595E+00  -1.0000E+00
 0.01   5.3713E-01  -1.7781E+01   7.9494E+01  -4.4190E+01   7.1245E+01   1.3460E+02   6.3679E-02   1.6373E+02   3.9747E+00  -1.0000E+00   3.9747E+00   2.8660E+00   3.9747E+00   3.1982E+00   3.9747E+00  -1.0000E+00
  0.1   5.4743E-02   6.0764E+01   9.2263E+01  -5.3777E+01   9.1275E+01   1.2577E+02   7.6575E-03  -1.0476E+02   4.6132E+00  -1.0000E+00   4.6132E+00   2.8660E+00   4.6132E+00   2.8970E+00   4.6132E+00  -1.0000E+00
    1   4.9428E-02  -9.0117E+01   1.4164E+02  -5.2297E+01   1.3353E+02   1.2887E+02   3.4855E-02   6.8497E+01   7.0821E+00  -1.0000E+00   7.0821E+00   2.8660E+00   7.0821E+00   3.0403E+00   7.0821E+00  -1.0000E+00
   10   8.6904E-01  -1.1608E+02   2.5310E+02  -6.3727E+01   2.1699E+02   1.1833E+02   6.6939E-01   4.9980E+01   1.2655E+01  -1.0000E+00   1.2655E+01   2.8660E+00   1.2655E+01   3.3434E+00   1.2655E+01  -1.0000E+00
207     99           -20.0        20.0         -10.0        20.0         -20.0        20.0         -20.0        10.0
5
0.001   1.0286E+00  -3.9597E+01   9.2507E+01  -4.4392E+01   9.1817E+01   1.3561E+02   1.0030E+00   1.4012E+02   4.6253E+00  -1.0000E+00   4.6253E+00   2.8660E+00   4.6253E+00   2.8875E+00   4.6253E+00  -1.0000E+00
 0.01   6.4782E-01  -2.3969E+01   8.5769E+01  -4.4365E+01   8.5040E+01   1.3591E+02   6.3328E-01   1.5170E+02   4.2884E+00  -1.0000E+00   4.2884E+00   2.8660E+00   4.2884E+00   2.8906E+00   4.2884E+00  -1.0000E+00
  0.1   9.3244E-02   9.9173E+00   1.0219E+02  -5.2508E+01   9.8828E+01   1.2824E+02   1.4005E-01   1.5077E+02   5.1095E+00  -1.0000E+00   5.1095E+00   2.8660E+00   5.1095E+00   2.9636E+00   5.1095E+00  -1.0000E+00
    1   4.0061E-02  -7.3054E+01   1.3515E+02  -4.7232E+01   1.2951E+02   1.3336E+02   3.0547E-01   1.4562E+02   6.7577E+00  -1.0000E+00   6.7577E+00   2.8660E+00   6.7577E+00   2.9909E+00   6.7577E+00  -1.0000E+00
   10   5.2903E-01  -1.2063E+02   1.6831E+02  -5.5735E+01   1.2689E+02   1.2848E+02   3.5456E-03  -1.1253E+02   8.4154E+00  -1.0000E+00   8.4154E+00   2.8660E+00   8.4154E+00   3.8026E+00   8.4154E+00  -1.0000E+00
END
