MT 37
1 1 -13.0  -13.0 
5
0.001	-9.563080E-05	7.278420E-05	5.992080E-04	-5.970030E-04	-5.992080E-04	5.970030E-04	9.563080E-05	-7.278420E-05	-9.563080E-06	7.278420E-06	2.996040E-05	-2.985015E-05	-2.996040E-05	2.985015E-05	9.563080E-06	-7.278420E-06
0.01	-2.704700E-04	7.693130E-05	1.883120E-03	-1.849070E-03	-1.883120E-03	1.849070E-03	2.704700E-04	-7.693130E-05	-2.704700E-05	7.693130E-06	9.415600E-05	-9.245350E-05	-9.415600E-05	9.245350E-05	2.704700E-05	-7.693130E-06
0.1	-1.753140E-04	-2.160850E-04	5.738090E-03	-6.396640E-03	-5.738090E-03	6.396640E-03	1.753140E-04	2.160850E-04	-1.753140E-05	-2.160850E-05	2.869045E-04	-3.198320E-04	-2.869045E-04	3.198320E-04	1.753140E-05	2.160850E-05
1	1.680200E-05	1.990480E-05	1.997260E-02	-1.971360E-02	-1.997260E-02	1.971360E-02	-1.680200E-05	-1.990480E-05	1.680200E-06	1.990480E-06	9.986300E-04	-9.856800E-04	-9.986300E-04	9.856800E-04	-1.680200E-06	-1.990480E-06
10	-2.561040E-08	-3.555770E-08	6.236980E-02	-6.420670E-02	-6.236980E-02	6.420670E-02	2.561040E-08	3.555770E-08	9.999000E+03	9.999000E+03	3.118490E-03	-3.210335E-03	-3.118490E-03	3.210335E-03	9.999000E+03	9.999000E+03
2 2 -13.0  -9.0 
5
0.001	-9.168570E-05	7.010070E-05	6.062370E-04	-5.995040E-04	-5.263140E-04	5.373720E-04	7.885390E-05	-6.005580E-05	-9.168570E-06	7.010070E-06	3.031185E-05	-2.997520E-05	-2.631570E-05	2.686860E-05	7.885390E-06	-6.005580E-06
0.01	-2.596420E-04	7.736020E-05	1.897540E-03	-1.824370E-03	-1.668870E-03	1.746920E-03	2.225820E-04	-6.405690E-05	-2.596420E-05	7.736020E-06	9.487700E-05	-9.121850E-05	-8.344350E-05	8.734600E-05	2.225820E-05	-6.405690E-06
0.1	-1.897000E-04	-2.059680E-04	5.594970E-03	-6.340190E-03	-5.379090E-03	6.503650E-03	1.528760E-04	1.771710E-04	-1.897000E-05	-2.059680E-05	2.797485E-04	-3.170095E-04	-2.689545E-04	3.251825E-04	1.528760E-05	1.771710E-05
1	2.144790E-05	2.127830E-05	2.004490E-02	-1.973040E-02	-2.009050E-02	1.971680E-02	-1.613640E-05	-1.660850E-05	2.144790E-06	2.127830E-06	1.002245E-03	-9.865200E-04	-1.004525E-03	9.858400E-04	-1.613640E-06	-1.660850E-06
10	-3.974550E-08	-5.006970E-08	6.236930E-02	-6.420660E-02	-6.236900E-02	6.420660E-02	2.999470E-08	3.305630E-08	9.999000E+03	9.999000E+03	3.118465E-03	-3.210330E-03	-3.118450E-03	3.210330E-03	9.999000E+03	9.999000E+03
3 3 -13.0  -5.0 
5
0.001	-6.231280E-05	4.771080E-05	6.103820E-04	-6.005300E-04	-4.548260E-04	4.792620E-04	4.598270E-05	-3.495960E-05	-6.231280E-06	4.771080E-06	3.051910E-05	-3.002650E-05	-2.274130E-05	2.396310E-05	4.598270E-06	-3.495960E-06
0.01	-1.763810E-04	5.349870E-05	1.904950E-03	-1.804780E-03	-1.459850E-03	1.650060E-03	1.294410E-04	-3.671290E-05	-1.763810E-05	5.349870E-06	9.524750E-05	-9.023900E-05	-7.299250E-05	8.250300E-05	1.294410E-05	-3.671290E-06
0.1	-1.357110E-04	-1.398120E-04	5.488080E-03	-6.300020E-03	-5.041760E-03	6.609700E-03	8.816320E-05	1.038510E-04	-1.357110E-05	-1.398120E-05	2.744040E-04	-3.150010E-04	-2.520880E-04	3.304850E-04	8.816320E-06	1.038510E-05
1	1.553300E-05	1.595810E-05	2.010040E-02	-1.974130E-02	-2.020320E-02	1.971740E-02	-8.463190E-06	-9.841200E-06	1.553300E-06	1.595810E-06	1.005020E-03	-9.870650E-04	-1.010160E-03	9.858700E-04	-8.463190E-07	-9.841200E-07
10	-5.674810E-09	-2.473650E-08	6.236910E-02	-6.420660E-02	-6.236850E-02	6.420660E-02	3.021640E-09	1.141960E-08	9.999000E+03	9.999000E+03	3.118455E-03	-3.210330E-03	-3.118425E-03	3.210330E-03	9.999000E+03	9.999000E+03
4 4 -13.0  5.0 
5
0.001	6.231280E-05	-4.771080E-05	6.103820E-04	-6.005300E-04	-4.548260E-04	4.792620E-04	-4.598270E-05	3.495960E-05	6.231280E-06	-4.771080E-06	3.051910E-05	-3.002650E-05	-2.274130E-05	2.396310E-05	-4.598270E-06	3.495960E-06
0.01	1.763810E-04	-5.349870E-05	1.904950E-03	-1.804780E-03	-1.459850E-03	1.650060E-03	-1.294410E-04	3.671290E-05	1.763810E-05	-5.349870E-06	9.524750E-05	-9.023900E-05	-7.299250E-05	8.250300E-05	-1.294410E-05	3.671290E-06
0.1	1.357110E-04	1.398120E-04	5.488080E-03	-6.300020E-03	-5.041760E-03	6.609700E-03	-8.816320E-05	-1.038510E-04	1.357110E-05	1.398120E-05	2.744040E-04	-3.150010E-04	-2.520880E-04	3.304850E-04	-8.816320E-06	-1.038510E-05
1	-1.553300E-05	-1.595810E-05	2.010040E-02	-1.974130E-02	-2.020320E-02	1.971740E-02	8.463190E-06	9.841200E-06	-1.553300E-06	-1.595810E-06	1.005020E-03	-9.870650E-04	-1.010160E-03	9.858700E-04	8.463190E-07	9.841200E-07
10	5.674810E-09	2.473650E-08	6.236910E-02	-6.420660E-02	-6.236850E-02	6.420660E-02	-3.021640E-09	-1.141960E-08	9.999000E+03	9.999000E+03	3.118455E-03	-3.210330E-03	-3.118425E-03	3.210330E-03	9.999000E+03	9.999000E+03
5 5 -13.0  9.0 
5
0.001	9.168570E-05	-7.010070E-05	6.062370E-04	-5.995040E-04	-5.263140E-04	5.373720E-04	-7.885390E-05	6.005580E-05	9.168570E-06	-7.010070E-06	3.031185E-05	-2.997520E-05	-2.631570E-05	2.686860E-05	-7.885390E-06	6.005580E-06
0.01	2.596420E-04	-7.736020E-05	1.897540E-03	-1.824370E-03	-1.668870E-03	1.746920E-03	-2.225820E-04	6.405690E-05	2.596420E-05	-7.736020E-06	9.487700E-05	-9.121850E-05	-8.344350E-05	8.734600E-05	-2.225820E-05	6.405690E-06
0.1	1.897000E-04	2.059680E-04	5.594970E-03	-6.340190E-03	-5.379090E-03	6.503650E-03	-1.528760E-04	-1.771710E-04	1.897000E-05	2.059680E-05	2.797485E-04	-3.170095E-04	-2.689545E-04	3.251825E-04	-1.528760E-05	-1.771710E-05
1	-2.144790E-05	-2.127830E-05	2.004490E-02	-1.973040E-02	-2.009050E-02	1.971680E-02	1.613640E-05	1.660850E-05	-2.144790E-06	-2.127830E-06	1.002245E-03	-9.865200E-04	-1.004525E-03	9.858400E-04	1.613640E-06	1.660850E-06
10	3.974550E-08	5.006970E-08	6.236930E-02	-6.420660E-02	-6.236900E-02	6.420660E-02	-2.999470E-08	-3.305630E-08	9.999000E+03	9.999000E+03	3.118465E-03	-3.210330E-03	-3.118450E-03	3.210330E-03	9.999000E+03	9.999000E+03
6 6 -13.0  13.0 
5
0.001	9.563080E-05	-7.278420E-05	5.992080E-04	-5.970030E-04	-5.992080E-04	5.970030E-04	-9.563080E-05	7.278420E-05	9.563080E-06	-7.278420E-06	2.996040E-05	-2.985015E-05	-2.996040E-05	2.985015E-05	-9.563080E-06	7.278420E-06
0.01	2.704700E-04	-7.693130E-05	1.883120E-03	-1.849070E-03	-1.883120E-03	1.849070E-03	-2.704700E-04	7.693130E-05	2.704700E-05	-7.693130E-06	9.415600E-05	-9.245350E-05	-9.415600E-05	9.245350E-05	-2.704700E-05	7.693130E-06
0.1	1.753140E-04	2.160850E-04	5.738090E-03	-6.396640E-03	-5.738090E-03	6.396640E-03	-1.753140E-04	-2.160850E-04	1.753140E-05	2.160850E-05	2.869045E-04	-3.198320E-04	-2.869045E-04	3.198320E-04	-1.753140E-05	-2.160850E-05
1	-1.680200E-05	-1.990480E-05	1.997260E-02	-1.971360E-02	-1.997260E-02	1.971360E-02	1.680200E-05	1.990480E-05	-1.680200E-06	-1.990480E-06	9.986300E-04	-9.856800E-04	-9.986300E-04	9.856800E-04	1.680200E-06	1.990480E-06
10	2.561040E-08	3.555770E-08	6.236980E-02	-6.420670E-02	-6.236980E-02	6.420670E-02	-2.561040E-08	-3.555770E-08	9.999000E+03	9.999000E+03	3.118490E-03	-3.210335E-03	-3.118490E-03	3.210335E-03	9.999000E+03	9.999000E+03
7 7 -9.0  -13.0 
5
0.001	-7.885390E-05	6.005580E-05	5.263140E-04	-5.373720E-04	-6.062370E-04	5.995040E-04	9.168570E-05	-7.010070E-05	-7.885390E-06	6.005580E-06	2.631570E-05	-2.686860E-05	-3.031185E-05	2.997520E-05	9.168570E-06	-7.010070E-06
0.01	-2.225820E-04	6.405690E-05	1.668870E-03	-1.746920E-03	-1.897540E-03	1.824370E-03	2.596420E-04	-7.736020E-05	-2.225820E-05	6.405690E-06	8.344350E-05	-8.734600E-05	-9.487700E-05	9.121850E-05	2.596420E-05	-7.736020E-06
0.1	-1.528760E-04	-1.771710E-04	5.379090E-03	-6.503650E-03	-5.594970E-03	6.340190E-03	1.897000E-04	2.059680E-04	-1.528760E-05	-1.771710E-05	2.689545E-04	-3.251825E-04	-2.797485E-04	3.170095E-04	1.897000E-05	2.059680E-05
1	1.613640E-05	1.660850E-05	2.009050E-02	-1.971680E-02	-2.004490E-02	1.973040E-02	-2.144790E-05	-2.127830E-05	1.613640E-06	1.660850E-06	1.004525E-03	-9.858400E-04	-1.002245E-03	9.865200E-04	-2.144790E-06	-2.127830E-06
10	-2.999470E-08	-3.305630E-08	6.236900E-02	-6.420660E-02	-6.236930E-02	6.420660E-02	3.974550E-08	5.006970E-08	9.999000E+03	9.999000E+03	3.118450E-03	-3.210330E-03	-3.118465E-03	3.210330E-03	9.999000E+03	9.999000E+03
8 8 -9.0  -9.0 
5
0.001	-7.525390E-05	5.749140E-05	5.111750E-04	-5.212160E-04	-5.111750E-04	5.212160E-04	7.525390E-05	-5.749140E-05	-7.525390E-06	5.749140E-06	2.555875E-05	-2.606080E-05	-2.555875E-05	2.606080E-05	7.525390E-06	-5.749140E-06
0.01	-2.121860E-04	6.358920E-05	1.617780E-03	-1.684730E-03	-1.617780E-03	1.684730E-03	2.121860E-04	-6.358920E-05	-2.121860E-05	6.358920E-06	8.088900E-05	-8.423650E-05	-8.088900E-05	8.423650E-05	2.121860E-05	-6.358920E-06
0.1	-1.637210E-04	-1.671850E-04	5.091850E-03	-6.451040E-03	-5.091850E-03	6.451040E-03	1.637210E-04	1.671850E-04	-1.637210E-05	-1.671850E-05	2.545925E-04	-3.225520E-04	-2.545925E-04	3.225520E-04	1.637210E-05	1.671850E-05
1	1.995330E-05	1.716630E-05	2.023610E-02	-1.976770E-02	-2.023610E-02	1.976770E-02	-1.995330E-05	-1.716630E-05	1.995330E-06	1.716630E-06	1.011805E-03	-9.883850E-04	-1.011805E-03	9.883850E-04	-1.995330E-06	-1.716630E-06
10	-4.684230E-08	-4.528760E-08	6.236730E-02	-6.420580E-02	-6.236730E-02	6.420580E-02	4.684230E-08	4.528760E-08	9.999000E+03	9.999000E+03	3.118365E-03	-3.210290E-03	-3.118365E-03	3.210290E-03	9.999000E+03	9.999000E+03
9 9 -9.0  -5.0 
5
0.001	-5.082100E-05	3.882920E-05	4.997890E-04	-5.091640E-04	-4.167080E-04	4.441690E-04	4.280830E-05	-3.261360E-05	-5.082100E-06	3.882920E-06	2.498945E-05	-2.545820E-05	-2.083540E-05	2.220845E-05	4.280830E-06	-3.261360E-06
0.01	-1.429270E-04	4.340060E-05	1.579210E-03	-1.638610E-03	-1.342290E-03	1.552290E-03	1.201750E-04	-3.534010E-05	-1.429270E-05	4.340060E-06	7.896050E-05	-8.193050E-05	-6.711450E-05	7.761450E-05	1.201750E-05	-3.534010E-06
0.1	-1.160190E-04	-1.123950E-04	4.884610E-03	-6.412670E-03	-4.616970E-03	6.564060E-03	9.193760E-05	9.565220E-05	-1.160190E-05	-1.123950E-05	2.442305E-04	-3.206335E-04	-2.308485E-04	3.282030E-04	9.193760E-06	9.565220E-06
1	1.419020E-05	1.270450E-05	2.034480E-02	-1.980310E-02	-2.041840E-02	1.979740E-02	-1.014630E-05	-9.711210E-06	1.419020E-06	1.270450E-06	1.017240E-03	-9.901550E-04	-1.020920E-03	9.898700E-04	-1.014630E-06	-9.711210E-07
10	-9.100880E-09	-2.322770E-08	6.236640E-02	-6.420550E-02	-6.236590E-02	6.420550E-02	6.197830E-09	1.387290E-08	9.999000E+03	9.999000E+03	3.118320E-03	-3.210275E-03	-3.118295E-03	3.210275E-03	9.999000E+03	9.999000E+03
10 10 -9.0  5.0 
5
0.001	5.082100E-05	-3.882920E-05	4.997890E-04	-5.091640E-04	-4.167080E-04	4.441690E-04	-4.280830E-05	3.261360E-05	5.082100E-06	-3.882920E-06	2.498945E-05	-2.545820E-05	-2.083540E-05	2.220845E-05	-4.280830E-06	3.261360E-06
0.01	1.429270E-04	-4.340060E-05	1.579210E-03	-1.638610E-03	-1.342290E-03	1.552290E-03	-1.201750E-04	3.534010E-05	1.429270E-05	-4.340060E-06	7.896050E-05	-8.193050E-05	-6.711450E-05	7.761450E-05	-1.201750E-05	3.534010E-06
0.1	1.160190E-04	1.123950E-04	4.884610E-03	-6.412670E-03	-4.616970E-03	6.564060E-03	-9.193760E-05	-9.565220E-05	1.160190E-05	1.123950E-05	2.442305E-04	-3.206335E-04	-2.308485E-04	3.282030E-04	-9.193760E-06	-9.565220E-06
1	-1.419020E-05	-1.270450E-05	2.034480E-02	-1.980310E-02	-2.041840E-02	1.979740E-02	1.014630E-05	9.711210E-06	-1.419020E-06	-1.270450E-06	1.017240E-03	-9.901550E-04	-1.020920E-03	9.898700E-04	1.014630E-06	9.711210E-07
10	9.100880E-09	2.322770E-08	6.236640E-02	-6.420550E-02	-6.236590E-02	6.420550E-02	-6.197830E-09	-1.387290E-08	9.999000E+03	9.999000E+03	3.118320E-03	-3.210275E-03	-3.118295E-03	3.210275E-03	9.999000E+03	9.999000E+03
11 11 -9.0  9.0 
5
0.001	7.525390E-05	-5.749140E-05	5.111750E-04	-5.212160E-04	-5.111750E-04	5.212160E-04	-7.525390E-05	5.749140E-05	7.525390E-06	-5.749140E-06	2.555875E-05	-2.606080E-05	-2.555875E-05	2.606080E-05	-7.525390E-06	5.749140E-06
0.01	2.121860E-04	-6.358920E-05	1.617780E-03	-1.684730E-03	-1.617780E-03	1.684730E-03	-2.121860E-04	6.358920E-05	2.121860E-05	-6.358920E-06	8.088900E-05	-8.423650E-05	-8.088900E-05	8.423650E-05	-2.121860E-05	6.358920E-06
0.1	1.637210E-04	1.671850E-04	5.091850E-03	-6.451040E-03	-5.091850E-03	6.451040E-03	-1.637210E-04	-1.671850E-04	1.637210E-05	1.671850E-05	2.545925E-04	-3.225520E-04	-2.545925E-04	3.225520E-04	-1.637210E-05	-1.671850E-05
1	-1.995330E-05	-1.716630E-05	2.023610E-02	-1.976770E-02	-2.023610E-02	1.976770E-02	1.995330E-05	1.716630E-05	-1.995330E-06	-1.716630E-06	1.011805E-03	-9.883850E-04	-1.011805E-03	9.883850E-04	1.995330E-06	1.716630E-06
10	4.684230E-08	4.528760E-08	6.236730E-02	-6.420580E-02	-6.236730E-02	6.420580E-02	-4.684230E-08	-4.528760E-08	9.999000E+03	9.999000E+03	3.118365E-03	-3.210290E-03	-3.118365E-03	3.210290E-03	9.999000E+03	9.999000E+03
12 12 -9.0  13.0 
5
0.001	7.885390E-05	-6.005580E-05	5.263140E-04	-5.373720E-04	-6.062370E-04	5.995040E-04	-9.168570E-05	7.010070E-05	7.885390E-06	-6.005580E-06	2.631570E-05	-2.686860E-05	-3.031185E-05	2.997520E-05	-9.168570E-06	7.010070E-06
0.01	2.225820E-04	-6.405690E-05	1.668870E-03	-1.746920E-03	-1.897540E-03	1.824370E-03	-2.596420E-04	7.736020E-05	2.225820E-05	-6.405690E-06	8.344350E-05	-8.734600E-05	-9.487700E-05	9.121850E-05	-2.596420E-05	7.736020E-06
0.1	1.528760E-04	1.771710E-04	5.379090E-03	-6.503650E-03	-5.594970E-03	6.340190E-03	-1.897000E-04	-2.059680E-04	1.528760E-05	1.771710E-05	2.689545E-04	-3.251825E-04	-2.797485E-04	3.170095E-04	-1.897000E-05	-2.059680E-05
1	-1.613640E-05	-1.660850E-05	2.009050E-02	-1.971680E-02	-2.004490E-02	1.973040E-02	2.144790E-05	2.127830E-05	-1.613640E-06	-1.660850E-06	1.004525E-03	-9.858400E-04	-1.002245E-03	9.865200E-04	2.144790E-06	2.127830E-06
10	2.999470E-08	3.305630E-08	6.236900E-02	-6.420660E-02	-6.236930E-02	6.420660E-02	-3.974550E-08	-5.006970E-08	9.999000E+03	9.999000E+03	3.118450E-03	-3.210330E-03	-3.118465E-03	3.210330E-03	9.999000E+03	9.999000E+03
13 13 -5.0  -13.0 
5
0.001	-4.598270E-05	3.495960E-05	4.548260E-04	-4.792620E-04	-6.103820E-04	6.005300E-04	6.231280E-05	-4.771080E-05	-4.598270E-06	3.495960E-06	2.274130E-05	-2.396310E-05	-3.051910E-05	3.002650E-05	6.231280E-06	-4.771080E-06
0.01	-1.294410E-04	3.671290E-05	1.459850E-03	-1.650060E-03	-1.904950E-03	1.804780E-03	1.763810E-04	-5.349870E-05	-1.294410E-05	3.671290E-06	7.299250E-05	-8.250300E-05	-9.524750E-05	9.023900E-05	1.763810E-05	-5.349870E-06
0.1	-8.816320E-05	-1.038510E-04	5.041760E-03	-6.609700E-03	-5.488080E-03	6.300020E-03	1.357110E-04	1.398120E-04	-8.816320E-06	-1.038510E-05	2.520880E-04	-3.304850E-04	-2.744040E-04	3.150010E-04	1.357110E-05	1.398120E-05
1	8.463190E-06	9.841200E-06	2.020320E-02	-1.971740E-02	-2.010040E-02	1.974130E-02	-1.553300E-05	-1.595810E-05	8.463190E-07	9.841200E-07	1.010160E-03	-9.858700E-04	-1.005020E-03	9.870650E-04	-1.553300E-06	-1.595810E-06
10	-3.021640E-09	-1.141960E-08	6.236850E-02	-6.420660E-02	-6.236910E-02	6.420660E-02	5.674810E-09	2.473650E-08	9.999000E+03	9.999000E+03	3.118425E-03	-3.210330E-03	-3.118455E-03	3.210330E-03	9.999000E+03	9.999000E+03
14 14 -5.0  -9.0 
5
0.001	-4.280830E-05	3.261360E-05	4.167080E-04	-4.441690E-04	-4.997890E-04	5.091640E-04	5.082100E-05	-3.882920E-05	-4.280830E-06	3.261360E-06	2.083540E-05	-2.220845E-05	-2.498945E-05	2.545820E-05	5.082100E-06	-3.882920E-06
0.01	-1.201750E-04	3.534010E-05	1.342290E-03	-1.552290E-03	-1.579210E-03	1.638610E-03	1.429270E-04	-4.340060E-05	-1.201750E-05	3.534010E-06	6.711450E-05	-7.761450E-05	-7.896050E-05	8.193050E-05	1.429270E-05	-4.340060E-06
0.1	-9.193760E-05	-9.565220E-05	4.616970E-03	-6.564060E-03	-4.884610E-03	6.412670E-03	1.160190E-04	1.123950E-04	-9.193760E-06	-9.565220E-06	2.308485E-04	-3.282030E-04	-2.442305E-04	3.206335E-04	1.160190E-05	1.123950E-05
1	1.014630E-05	9.711210E-06	2.041840E-02	-1.979740E-02	-2.034480E-02	1.980310E-02	-1.419020E-05	-1.270450E-05	1.014630E-06	9.711210E-07	1.020920E-03	-9.898700E-04	-1.017240E-03	9.901550E-04	-1.419020E-06	-1.270450E-06
10	-6.197830E-09	-1.387290E-08	6.236590E-02	-6.420550E-02	-6.236640E-02	6.420550E-02	9.100880E-09	2.322770E-08	9.999000E+03	9.999000E+03	3.118295E-03	-3.210275E-03	-3.118320E-03	3.210275E-03	9.999000E+03	9.999000E+03
15 15 -5.0  -5.0 
5
0.001	-2.840410E-05	2.162490E-05	3.899920E-04	-4.195060E-04	-3.899920E-04	4.195060E-04	2.840410E-05	-2.162490E-05	-2.840410E-06	2.162490E-06	1.949960E-05	-2.097530E-05	-1.949960E-05	2.097530E-05	2.840410E-06	-2.162490E-06
0.01	-7.941950E-05	2.361750E-05	1.259630E-03	-1.482170E-03	-1.259630E-03	1.482170E-03	7.941950E-05	-2.361750E-05	-7.941950E-06	2.361750E-06	6.298150E-05	-7.410850E-05	-6.298150E-05	7.410850E-05	7.941950E-06	-2.361750E-06
0.1	-6.408410E-05	-6.320530E-05	4.316950E-03	-6.528230E-03	-4.316950E-03	6.528230E-03	6.408410E-05	6.320530E-05	-6.408410E-06	-6.320530E-06	2.158475E-04	-3.264115E-04	-2.158475E-04	3.264115E-04	6.408410E-06	6.320530E-06
1	7.065530E-06	6.963760E-06	2.057680E-02	-1.985380E-02	-2.057680E-02	1.985380E-02	-7.065530E-06	-6.963760E-06	7.065530E-07	6.963760E-07	1.028840E-03	-9.926900E-04	-1.028840E-03	9.926900E-04	-7.065530E-07	-6.963760E-07
10	1.252410E-10	-7.659010E-09	6.236440E-02	-6.420490E-02	-6.236440E-02	6.420490E-02	-1.252400E-10	7.659010E-09	9.999000E+03	9.999000E+03	3.118220E-03	-3.210245E-03	-3.118220E-03	3.210245E-03	9.999000E+03	9.999000E+03
16 16 -5.0  5.0 
5
0.001	2.840410E-05	-2.162490E-05	3.899920E-04	-4.195060E-04	-3.899920E-04	4.195060E-04	-2.840410E-05	2.162490E-05	2.840410E-06	-2.162490E-06	1.949960E-05	-2.097530E-05	-1.949960E-05	2.097530E-05	-2.840410E-06	2.162490E-06
0.01	7.941950E-05	-2.361750E-05	1.259630E-03	-1.482170E-03	-1.259630E-03	1.482170E-03	-7.941950E-05	2.361750E-05	7.941950E-06	-2.361750E-06	6.298150E-05	-7.410850E-05	-6.298150E-05	7.410850E-05	-7.941950E-06	2.361750E-06
0.1	6.408410E-05	6.320530E-05	4.316950E-03	-6.528230E-03	-4.316950E-03	6.528230E-03	-6.408410E-05	-6.320530E-05	6.408410E-06	6.320530E-06	2.158475E-04	-3.264115E-04	-2.158475E-04	3.264115E-04	-6.408410E-06	-6.320530E-06
1	-7.065530E-06	-6.963760E-06	2.057680E-02	-1.985380E-02	-2.057680E-02	1.985380E-02	7.065530E-06	6.963760E-06	-7.065530E-07	-6.963760E-07	1.028840E-03	-9.926900E-04	-1.028840E-03	9.926900E-04	7.065530E-07	6.963760E-07
10	-1.252400E-10	7.659010E-09	6.236440E-02	-6.420490E-02	-6.236440E-02	6.420490E-02	1.252400E-10	-7.659010E-09	9.999000E+03	9.999000E+03	3.118220E-03	-3.210245E-03	-3.118220E-03	3.210245E-03	9.999000E+03	9.999000E+03
17 17 -5.0  9.0 
5
0.001	4.280830E-05	-3.261360E-05	4.167080E-04	-4.441690E-04	-4.997890E-04	5.091640E-04	-5.082100E-05	3.882920E-05	4.280830E-06	-3.261360E-06	2.083540E-05	-2.220845E-05	-2.498945E-05	2.545820E-05	-5.082100E-06	3.882920E-06
0.01	1.201750E-04	-3.534010E-05	1.342290E-03	-1.552290E-03	-1.579210E-03	1.638610E-03	-1.429270E-04	4.340060E-05	1.201750E-05	-3.534010E-06	6.711450E-05	-7.761450E-05	-7.896050E-05	8.193050E-05	-1.429270E-05	4.340060E-06
0.1	9.193760E-05	9.565220E-05	4.616970E-03	-6.564060E-03	-4.884610E-03	6.412670E-03	-1.160190E-04	-1.123950E-04	9.193760E-06	9.565220E-06	2.308485E-04	-3.282030E-04	-2.442305E-04	3.206335E-04	-1.160190E-05	-1.123950E-05
1	-1.014630E-05	-9.711210E-06	2.041840E-02	-1.979740E-02	-2.034480E-02	1.980310E-02	1.419020E-05	1.270450E-05	-1.014630E-06	-9.711210E-07	1.020920E-03	-9.898700E-04	-1.017240E-03	9.901550E-04	1.419020E-06	1.270450E-06
10	6.197830E-09	1.387290E-08	6.236590E-02	-6.420550E-02	-6.236640E-02	6.420550E-02	-9.100880E-09	-2.322770E-08	9.999000E+03	9.999000E+03	3.118295E-03	-3.210275E-03	-3.118320E-03	3.210275E-03	9.999000E+03	9.999000E+03
18 18 -5.0  13.0 
5
0.001	4.598270E-05	-3.495960E-05	4.548260E-04	-4.792620E-04	-6.103820E-04	6.005300E-04	-6.231280E-05	4.771080E-05	4.598270E-06	-3.495960E-06	2.274130E-05	-2.396310E-05	-3.051910E-05	3.002650E-05	-6.231280E-06	4.771080E-06
0.01	1.294410E-04	-3.671290E-05	1.459850E-03	-1.650060E-03	-1.904950E-03	1.804780E-03	-1.763810E-04	5.349870E-05	1.294410E-05	-3.671290E-06	7.299250E-05	-8.250300E-05	-9.524750E-05	9.023900E-05	-1.763810E-05	5.349870E-06
0.1	8.816320E-05	1.038510E-04	5.041760E-03	-6.609700E-03	-5.488080E-03	6.300020E-03	-1.357110E-04	-1.398120E-04	8.816320E-06	1.038510E-05	2.520880E-04	-3.304850E-04	-2.744040E-04	3.150010E-04	-1.357110E-05	-1.398120E-05
1	-8.463190E-06	-9.841200E-06	2.020320E-02	-1.971740E-02	-2.010040E-02	1.974130E-02	1.553300E-05	1.595810E-05	-8.463190E-07	-9.841200E-07	1.010160E-03	-9.858700E-04	-1.005020E-03	9.870650E-04	1.553300E-06	1.595810E-06
10	3.021640E-09	1.141960E-08	6.236850E-02	-6.420660E-02	-6.236910E-02	6.420660E-02	-5.674810E-09	-2.473650E-08	9.999000E+03	9.999000E+03	3.118425E-03	-3.210330E-03	-3.118455E-03	3.210330E-03	9.999000E+03	9.999000E+03
19 19 5.0  -13.0 
5
0.001	4.598270E-05	-3.495960E-05	4.548260E-04	-4.792620E-04	-6.103820E-04	6.005300E-04	-6.231280E-05	4.771080E-05	4.598270E-06	-3.495960E-06	2.274130E-05	-2.396310E-05	-3.051910E-05	3.002650E-05	-6.231280E-06	4.771080E-06
0.01	1.294410E-04	-3.671290E-05	1.459850E-03	-1.650060E-03	-1.904950E-03	1.804780E-03	-1.763810E-04	5.349870E-05	1.294410E-05	-3.671290E-06	7.299250E-05	-8.250300E-05	-9.524750E-05	9.023900E-05	-1.763810E-05	5.349870E-06
0.1	8.816320E-05	1.038510E-04	5.041760E-03	-6.609700E-03	-5.488080E-03	6.300020E-03	-1.357110E-04	-1.398120E-04	8.816320E-06	1.038510E-05	2.520880E-04	-3.304850E-04	-2.744040E-04	3.150010E-04	-1.357110E-05	-1.398120E-05
1	-8.463190E-06	-9.841200E-06	2.020320E-02	-1.971740E-02	-2.010040E-02	1.974130E-02	1.553300E-05	1.595810E-05	-8.463190E-07	-9.841200E-07	1.010160E-03	-9.858700E-04	-1.005020E-03	9.870650E-04	1.553300E-06	1.595810E-06
10	3.021640E-09	1.141960E-08	6.236850E-02	-6.420660E-02	-6.236910E-02	6.420660E-02	-5.674810E-09	-2.473650E-08	9.999000E+03	9.999000E+03	3.118425E-03	-3.210330E-03	-3.118455E-03	3.210330E-03	9.999000E+03	9.999000E+03
20 20 5.0  -9.0 
5
0.001	4.280830E-05	-3.261360E-05	4.167080E-04	-4.441690E-04	-4.997890E-04	5.091640E-04	-5.082100E-05	3.882920E-05	4.280830E-06	-3.261360E-06	2.083540E-05	-2.220845E-05	-2.498945E-05	2.545820E-05	-5.082100E-06	3.882920E-06
0.01	1.201750E-04	-3.534010E-05	1.342290E-03	-1.552290E-03	-1.579210E-03	1.638610E-03	-1.429270E-04	4.340060E-05	1.201750E-05	-3.534010E-06	6.711450E-05	-7.761450E-05	-7.896050E-05	8.193050E-05	-1.429270E-05	4.340060E-06
0.1	9.193760E-05	9.565220E-05	4.616970E-03	-6.564060E-03	-4.884610E-03	6.412670E-03	-1.160190E-04	-1.123950E-04	9.193760E-06	9.565220E-06	2.308485E-04	-3.282030E-04	-2.442305E-04	3.206335E-04	-1.160190E-05	-1.123950E-05
1	-1.014630E-05	-9.711210E-06	2.041840E-02	-1.979740E-02	-2.034480E-02	1.980310E-02	1.419020E-05	1.270450E-05	-1.014630E-06	-9.711210E-07	1.020920E-03	-9.898700E-04	-1.017240E-03	9.901550E-04	1.419020E-06	1.270450E-06
10	6.197830E-09	1.387290E-08	6.236590E-02	-6.420550E-02	-6.236640E-02	6.420550E-02	-9.100880E-09	-2.322770E-08	9.999000E+03	9.999000E+03	3.118295E-03	-3.210275E-03	-3.118320E-03	3.210275E-03	9.999000E+03	9.999000E+03
21 21 5.0  -5.0 
5
0.001	2.840410E-05	-2.162490E-05	3.899920E-04	-4.195060E-04	-3.899920E-04	4.195060E-04	-2.840410E-05	2.162490E-05	2.840410E-06	-2.162490E-06	1.949960E-05	-2.097530E-05	-1.949960E-05	2.097530E-05	-2.840410E-06	2.162490E-06
0.01	7.941950E-05	-2.361750E-05	1.259630E-03	-1.482170E-03	-1.259630E-03	1.482170E-03	-7.941950E-05	2.361750E-05	7.941950E-06	-2.361750E-06	6.298150E-05	-7.410850E-05	-6.298150E-05	7.410850E-05	-7.941950E-06	2.361750E-06
0.1	6.408410E-05	6.320530E-05	4.316950E-03	-6.528230E-03	-4.316950E-03	6.528230E-03	-6.408410E-05	-6.320530E-05	6.408410E-06	6.320530E-06	2.158475E-04	-3.264115E-04	-2.158475E-04	3.264115E-04	-6.408410E-06	-6.320530E-06
1	-7.065530E-06	-6.963760E-06	2.057680E-02	-1.985380E-02	-2.057680E-02	1.985380E-02	7.065530E-06	6.963760E-06	-7.065530E-07	-6.963760E-07	1.028840E-03	-9.926900E-04	-1.028840E-03	9.926900E-04	7.065530E-07	6.963760E-07
10	-1.252400E-10	7.659010E-09	6.236440E-02	-6.420490E-02	-6.236440E-02	6.420490E-02	1.252400E-10	-7.659010E-09	9.999000E+03	9.999000E+03	3.118220E-03	-3.210245E-03	-3.118220E-03	3.210245E-03	9.999000E+03	9.999000E+03
22 22 5.0  5.0 
5
0.001	-2.840410E-05	2.162490E-05	3.899920E-04	-4.195060E-04	-3.899920E-04	4.195060E-04	2.840410E-05	-2.162490E-05	-2.840410E-06	2.162490E-06	1.949960E-05	-2.097530E-05	-1.949960E-05	2.097530E-05	2.840410E-06	-2.162490E-06
0.01	-7.941950E-05	2.361750E-05	1.259630E-03	-1.482170E-03	-1.259630E-03	1.482170E-03	7.941950E-05	-2.361750E-05	-7.941950E-06	2.361750E-06	6.298150E-05	-7.410850E-05	-6.298150E-05	7.410850E-05	7.941950E-06	-2.361750E-06
0.1	-6.408410E-05	-6.320530E-05	4.316950E-03	-6.528230E-03	-4.316950E-03	6.528230E-03	6.408410E-05	6.320530E-05	-6.408410E-06	-6.320530E-06	2.158475E-04	-3.264115E-04	-2.158475E-04	3.264115E-04	6.408410E-06	6.320530E-06
1	7.065530E-06	6.963760E-06	2.057680E-02	-1.985380E-02	-2.057680E-02	1.985380E-02	-7.065530E-06	-6.963760E-06	7.065530E-07	6.963760E-07	1.028840E-03	-9.926900E-04	-1.028840E-03	9.926900E-04	-7.065530E-07	-6.963760E-07
10	1.252400E-10	-7.659010E-09	6.236440E-02	-6.420490E-02	-6.236440E-02	6.420490E-02	-1.252400E-10	7.659010E-09	9.999000E+03	9.999000E+03	3.118220E-03	-3.210245E-03	-3.118220E-03	3.210245E-03	9.999000E+03	9.999000E+03
23 23 5.0  9.0 
5
0.001	-4.280830E-05	3.261360E-05	4.167080E-04	-4.441690E-04	-4.997890E-04	5.091640E-04	5.082100E-05	-3.882920E-05	-4.280830E-06	3.261360E-06	2.083540E-05	-2.220845E-05	-2.498945E-05	2.545820E-05	5.082100E-06	-3.882920E-06
0.01	-1.201750E-04	3.534010E-05	1.342290E-03	-1.552290E-03	-1.579210E-03	1.638610E-03	1.429270E-04	-4.340060E-05	-1.201750E-05	3.534010E-06	6.711450E-05	-7.761450E-05	-7.896050E-05	8.193050E-05	1.429270E-05	-4.340060E-06
0.1	-9.193760E-05	-9.565220E-05	4.616970E-03	-6.564060E-03	-4.884610E-03	6.412670E-03	1.160190E-04	1.123950E-04	-9.193760E-06	-9.565220E-06	2.308485E-04	-3.282030E-04	-2.442305E-04	3.206335E-04	1.160190E-05	1.123950E-05
1	1.014630E-05	9.711210E-06	2.041840E-02	-1.979740E-02	-2.034480E-02	1.980310E-02	-1.419020E-05	-1.270450E-05	1.014630E-06	9.711210E-07	1.020920E-03	-9.898700E-04	-1.017240E-03	9.901550E-04	-1.419020E-06	-1.270450E-06
10	-6.197830E-09	-1.387290E-08	6.236590E-02	-6.420550E-02	-6.236640E-02	6.420550E-02	9.100880E-09	2.322770E-08	9.999000E+03	9.999000E+03	3.118295E-03	-3.210275E-03	-3.118320E-03	3.210275E-03	9.999000E+03	9.999000E+03
24 24 5.0  13.0 
5
0.001	-4.598270E-05	3.495960E-05	4.548260E-04	-4.792620E-04	-6.103820E-04	6.005300E-04	6.231280E-05	-4.771080E-05	-4.598270E-06	3.495960E-06	2.274130E-05	-2.396310E-05	-3.051910E-05	3.002650E-05	6.231280E-06	-4.771080E-06
0.01	-1.294410E-04	3.671290E-05	1.459850E-03	-1.650060E-03	-1.904950E-03	1.804780E-03	1.763810E-04	-5.349870E-05	-1.294410E-05	3.671290E-06	7.299250E-05	-8.250300E-05	-9.524750E-05	9.023900E-05	1.763810E-05	-5.349870E-06
0.1	-8.816320E-05	-1.038510E-04	5.041760E-03	-6.609700E-03	-5.488080E-03	6.300020E-03	1.357110E-04	1.398120E-04	-8.816320E-06	-1.038510E-05	2.520880E-04	-3.304850E-04	-2.744040E-04	3.150010E-04	1.357110E-05	1.398120E-05
1	8.463190E-06	9.841200E-06	2.020320E-02	-1.971740E-02	-2.010040E-02	1.974130E-02	-1.553300E-05	-1.595810E-05	8.463190E-07	9.841200E-07	1.010160E-03	-9.858700E-04	-1.005020E-03	9.870650E-04	-1.553300E-06	-1.595810E-06
10	-3.021640E-09	-1.141960E-08	6.236850E-02	-6.420660E-02	-6.236910E-02	6.420660E-02	5.674810E-09	2.473650E-08	9.999000E+03	9.999000E+03	3.118425E-03	-3.210330E-03	-3.118455E-03	3.210330E-03	9.999000E+03	9.999000E+03
25 25 9.0  -13.0 
5
0.001	7.885390E-05	-6.005580E-05	5.263140E-04	-5.373720E-04	-6.062370E-04	5.995040E-04	-9.168570E-05	7.010070E-05	7.885390E-06	-6.005580E-06	2.631570E-05	-2.686860E-05	-3.031185E-05	2.997520E-05	-9.168570E-06	7.010070E-06
0.01	2.225820E-04	-6.405690E-05	1.668870E-03	-1.746920E-03	-1.897540E-03	1.824370E-03	-2.596420E-04	7.736020E-05	2.225820E-05	-6.405690E-06	8.344350E-05	-8.734600E-05	-9.487700E-05	9.121850E-05	-2.596420E-05	7.736020E-06
0.1	1.528760E-04	1.771710E-04	5.379090E-03	-6.503650E-03	-5.594970E-03	6.340190E-03	-1.897000E-04	-2.059680E-04	1.528760E-05	1.771710E-05	2.689545E-04	-3.251825E-04	-2.797485E-04	3.170095E-04	-1.897000E-05	-2.059680E-05
1	-1.613640E-05	-1.660850E-05	2.009050E-02	-1.971680E-02	-2.004490E-02	1.973040E-02	2.144790E-05	2.127830E-05	-1.613640E-06	-1.660850E-06	1.004525E-03	-9.858400E-04	-1.002245E-03	9.865200E-04	2.144790E-06	2.127830E-06
10	2.999470E-08	3.305630E-08	6.236900E-02	-6.420660E-02	-6.236930E-02	6.420660E-02	-3.974550E-08	-5.006970E-08	9.999000E+03	9.999000E+03	3.118450E-03	-3.210330E-03	-3.118465E-03	3.210330E-03	9.999000E+03	9.999000E+03
26 26 9.0  -9.0 
5
0.001	7.525390E-05	-5.749140E-05	5.111750E-04	-5.212160E-04	-5.111750E-04	5.212160E-04	-7.525390E-05	5.749140E-05	7.525390E-06	-5.749140E-06	2.555875E-05	-2.606080E-05	-2.555875E-05	2.606080E-05	-7.525390E-06	5.749140E-06
0.01	2.121860E-04	-6.358920E-05	1.617780E-03	-1.684730E-03	-1.617780E-03	1.684730E-03	-2.121860E-04	6.358920E-05	2.121860E-05	-6.358920E-06	8.088900E-05	-8.423650E-05	-8.088900E-05	8.423650E-05	-2.121860E-05	6.358920E-06
0.1	1.637210E-04	1.671850E-04	5.091850E-03	-6.451040E-03	-5.091850E-03	6.451040E-03	-1.637210E-04	-1.671850E-04	1.637210E-05	1.671850E-05	2.545925E-04	-3.225520E-04	-2.545925E-04	3.225520E-04	-1.637210E-05	-1.671850E-05
1	-1.995330E-05	-1.716630E-05	2.023610E-02	-1.976770E-02	-2.023610E-02	1.976770E-02	1.995330E-05	1.716630E-05	-1.995330E-06	-1.716630E-06	1.011805E-03	-9.883850E-04	-1.011805E-03	9.883850E-04	1.995330E-06	1.716630E-06
10	4.684230E-08	4.528760E-08	6.236730E-02	-6.420580E-02	-6.236730E-02	6.420580E-02	-4.684230E-08	-4.528760E-08	9.999000E+03	9.999000E+03	3.118365E-03	-3.210290E-03	-3.118365E-03	3.210290E-03	9.999000E+03	9.999000E+03
27 27 9.0  -5.0 
5
0.001	5.082100E-05	-3.882920E-05	4.997890E-04	-5.091640E-04	-4.167080E-04	4.441690E-04	-4.280830E-05	3.261360E-05	5.082100E-06	-3.882920E-06	2.498945E-05	-2.545820E-05	-2.083540E-05	2.220845E-05	-4.280830E-06	3.261360E-06
0.01	1.429270E-04	-4.340060E-05	1.579210E-03	-1.638610E-03	-1.342290E-03	1.552290E-03	-1.201750E-04	3.534010E-05	1.429270E-05	-4.340060E-06	7.896050E-05	-8.193050E-05	-6.711450E-05	7.761450E-05	-1.201750E-05	3.534010E-06
0.1	1.160190E-04	1.123950E-04	4.884610E-03	-6.412670E-03	-4.616970E-03	6.564060E-03	-9.193760E-05	-9.565220E-05	1.160190E-05	1.123950E-05	2.442305E-04	-3.206335E-04	-2.308485E-04	3.282030E-04	-9.193760E-06	-9.565220E-06
1	-1.419020E-05	-1.270450E-05	2.034480E-02	-1.980310E-02	-2.041840E-02	1.979740E-02	1.014630E-05	9.711210E-06	-1.419020E-06	-1.270450E-06	1.017240E-03	-9.901550E-04	-1.020920E-03	9.898700E-04	1.014630E-06	9.711210E-07
10	9.100880E-09	2.322770E-08	6.236640E-02	-6.420550E-02	-6.236590E-02	6.420550E-02	-6.197830E-09	-1.387290E-08	9.999000E+03	9.999000E+03	3.118320E-03	-3.210275E-03	-3.118295E-03	3.210275E-03	9.999000E+03	9.999000E+03
28 28 9.0  5.0 
5
0.001	-5.082100E-05	3.882920E-05	4.997890E-04	-5.091640E-04	-4.167080E-04	4.441690E-04	4.280830E-05	-3.261360E-05	-5.082100E-06	3.882920E-06	2.498945E-05	-2.545820E-05	-2.083540E-05	2.220845E-05	4.280830E-06	-3.261360E-06
0.01	-1.429270E-04	4.340060E-05	1.579210E-03	-1.638610E-03	-1.342290E-03	1.552290E-03	1.201750E-04	-3.534010E-05	-1.429270E-05	4.340060E-06	7.896050E-05	-8.193050E-05	-6.711450E-05	7.761450E-05	1.201750E-05	-3.534010E-06
0.1	-1.160190E-04	-1.123950E-04	4.884610E-03	-6.412670E-03	-4.616970E-03	6.564060E-03	9.193760E-05	9.565220E-05	-1.160190E-05	-1.123950E-05	2.442305E-04	-3.206335E-04	-2.308485E-04	3.282030E-04	9.193760E-06	9.565220E-06
1	1.419020E-05	1.270450E-05	2.034480E-02	-1.980310E-02	-2.041840E-02	1.979740E-02	-1.014630E-05	-9.711210E-06	1.419020E-06	1.270450E-06	1.017240E-03	-9.901550E-04	-1.020920E-03	9.898700E-04	-1.014630E-06	-9.711210E-07
10	-9.100880E-09	-2.322770E-08	6.236640E-02	-6.420550E-02	-6.236590E-02	6.420550E-02	6.197830E-09	1.387290E-08	9.999000E+03	9.999000E+03	3.118320E-03	-3.210275E-03	-3.118295E-03	3.210275E-03	9.999000E+03	9.999000E+03
29 29 9.0  9.0 
5
0.001	-7.525390E-05	5.749140E-05	5.111750E-04	-5.212160E-04	-5.111750E-04	5.212160E-04	7.525390E-05	-5.749140E-05	-7.525390E-06	5.749140E-06	2.555875E-05	-2.606080E-05	-2.555875E-05	2.606080E-05	7.525390E-06	-5.749140E-06
0.01	-2.121860E-04	6.358920E-05	1.617780E-03	-1.684730E-03	-1.617780E-03	1.684730E-03	2.121860E-04	-6.358920E-05	-2.121860E-05	6.358920E-06	8.088900E-05	-8.423650E-05	-8.088900E-05	8.423650E-05	2.121860E-05	-6.358920E-06
0.1	-1.637210E-04	-1.671850E-04	5.091850E-03	-6.451040E-03	-5.091850E-03	6.451040E-03	1.637210E-04	1.671850E-04	-1.637210E-05	-1.671850E-05	2.545925E-04	-3.225520E-04	-2.545925E-04	3.225520E-04	1.637210E-05	1.671850E-05
1	1.995330E-05	1.716630E-05	2.023610E-02	-1.976770E-02	-2.023610E-02	1.976770E-02	-1.995330E-05	-1.716630E-05	1.995330E-06	1.716630E-06	1.011805E-03	-9.883850E-04	-1.011805E-03	9.883850E-04	-1.995330E-06	-1.716630E-06
10	-4.684230E-08	-4.528760E-08	6.236730E-02	-6.420580E-02	-6.236730E-02	6.420580E-02	4.684230E-08	4.528760E-08	9.999000E+03	9.999000E+03	3.118365E-03	-3.210290E-03	-3.118365E-03	3.210290E-03	9.999000E+03	9.999000E+03
30 30 9.0  13.0 
5
0.001	-7.885390E-05	6.005580E-05	5.263140E-04	-5.373720E-04	-6.062370E-04	5.995040E-04	9.168570E-05	-7.010070E-05	-7.885390E-06	6.005580E-06	2.631570E-05	-2.686860E-05	-3.031185E-05	2.997520E-05	9.168570E-06	-7.010070E-06
0.01	-2.225820E-04	6.405690E-05	1.668870E-03	-1.746920E-03	-1.897540E-03	1.824370E-03	2.596420E-04	-7.736020E-05	-2.225820E-05	6.405690E-06	8.344350E-05	-8.734600E-05	-9.487700E-05	9.121850E-05	2.596420E-05	-7.736020E-06
0.1	-1.528760E-04	-1.771710E-04	5.379090E-03	-6.503650E-03	-5.594970E-03	6.340190E-03	1.897000E-04	2.059680E-04	-1.528760E-05	-1.771710E-05	2.689545E-04	-3.251825E-04	-2.797485E-04	3.170095E-04	1.897000E-05	2.059680E-05
1	1.613640E-05	1.660850E-05	2.009050E-02	-1.971680E-02	-2.004490E-02	1.973040E-02	-2.144790E-05	-2.127830E-05	1.613640E-06	1.660850E-06	1.004525E-03	-9.858400E-04	-1.002245E-03	9.865200E-04	-2.144790E-06	-2.127830E-06
10	-2.999470E-08	-3.305630E-08	6.236900E-02	-6.420660E-02	-6.236930E-02	6.420660E-02	3.974550E-08	5.006970E-08	9.999000E+03	9.999000E+03	3.118450E-03	-3.210330E-03	-3.118465E-03	3.210330E-03	9.999000E+03	9.999000E+03
31 31 13.0  -13.0 
5
0.001	9.563080E-05	-7.278420E-05	5.992080E-04	-5.970030E-04	-5.992080E-04	5.970030E-04	-9.563080E-05	7.278420E-05	9.563080E-06	-7.278420E-06	2.996040E-05	-2.985015E-05	-2.996040E-05	2.985015E-05	-9.563080E-06	7.278420E-06
0.01	2.704700E-04	-7.693130E-05	1.883120E-03	-1.849070E-03	-1.883120E-03	1.849070E-03	-2.704700E-04	7.693130E-05	2.704700E-05	-7.693130E-06	9.415600E-05	-9.245350E-05	-9.415600E-05	9.245350E-05	-2.704700E-05	7.693130E-06
0.1	1.753140E-04	2.160850E-04	5.738090E-03	-6.396640E-03	-5.738090E-03	6.396640E-03	-1.753140E-04	-2.160850E-04	1.753140E-05	2.160850E-05	2.869045E-04	-3.198320E-04	-2.869045E-04	3.198320E-04	-1.753140E-05	-2.160850E-05
1	-1.680200E-05	-1.990480E-05	1.997260E-02	-1.971360E-02	-1.997260E-02	1.971360E-02	1.680200E-05	1.990480E-05	-1.680200E-06	-1.990480E-06	9.986300E-04	-9.856800E-04	-9.986300E-04	9.856800E-04	1.680200E-06	1.990480E-06
10	2.561040E-08	3.555770E-08	6.236980E-02	-6.420670E-02	-6.236980E-02	6.420670E-02	-2.561040E-08	-3.555770E-08	9.999000E+03	9.999000E+03	3.118490E-03	-3.210335E-03	-3.118490E-03	3.210335E-03	9.999000E+03	9.999000E+03
32 32 13.0  -9.0 
5
0.001	9.168570E-05	-7.010070E-05	6.062370E-04	-5.995040E-04	-5.263140E-04	5.373720E-04	-7.885390E-05	6.005580E-05	9.168570E-06	-7.010070E-06	3.031185E-05	-2.997520E-05	-2.631570E-05	2.686860E-05	-7.885390E-06	6.005580E-06
0.01	2.596420E-04	-7.736020E-05	1.897540E-03	-1.824370E-03	-1.668870E-03	1.746920E-03	-2.225820E-04	6.405690E-05	2.596420E-05	-7.736020E-06	9.487700E-05	-9.121850E-05	-8.344350E-05	8.734600E-05	-2.225820E-05	6.405690E-06
0.1	1.897000E-04	2.059680E-04	5.594970E-03	-6.340190E-03	-5.379090E-03	6.503650E-03	-1.528760E-04	-1.771710E-04	1.897000E-05	2.059680E-05	2.797485E-04	-3.170095E-04	-2.689545E-04	3.251825E-04	-1.528760E-05	-1.771710E-05
1	-2.144790E-05	-2.127830E-05	2.004490E-02	-1.973040E-02	-2.009050E-02	1.971680E-02	1.613640E-05	1.660850E-05	-2.144790E-06	-2.127830E-06	1.002245E-03	-9.865200E-04	-1.004525E-03	9.858400E-04	1.613640E-06	1.660850E-06
10	3.974550E-08	5.006970E-08	6.236930E-02	-6.420660E-02	-6.236900E-02	6.420660E-02	-2.999470E-08	-3.305630E-08	9.999000E+03	9.999000E+03	3.118465E-03	-3.210330E-03	-3.118450E-03	3.210330E-03	9.999000E+03	9.999000E+03
33 33 13.0  -5.0 
5
0.001	6.231280E-05	-4.771080E-05	6.103820E-04	-6.005300E-04	-4.548260E-04	4.792620E-04	-4.598270E-05	3.495960E-05	6.231280E-06	-4.771080E-06	3.051910E-05	-3.002650E-05	-2.274130E-05	2.396310E-05	-4.598270E-06	3.495960E-06
0.01	1.763810E-04	-5.349870E-05	1.904950E-03	-1.804780E-03	-1.459850E-03	1.650060E-03	-1.294410E-04	3.671290E-05	1.763810E-05	-5.349870E-06	9.524750E-05	-9.023900E-05	-7.299250E-05	8.250300E-05	-1.294410E-05	3.671290E-06
0.1	1.357110E-04	1.398120E-04	5.488080E-03	-6.300020E-03	-5.041760E-03	6.609700E-03	-8.816320E-05	-1.038510E-04	1.357110E-05	1.398120E-05	2.744040E-04	-3.150010E-04	-2.520880E-04	3.304850E-04	-8.816320E-06	-1.038510E-05
1	-1.553300E-05	-1.595810E-05	2.010040E-02	-1.974130E-02	-2.020320E-02	1.971740E-02	8.463190E-06	9.841200E-06	-1.553300E-06	-1.595810E-06	1.005020E-03	-9.870650E-04	-1.010160E-03	9.858700E-04	8.463190E-07	9.841200E-07
10	5.674810E-09	2.473650E-08	6.236910E-02	-6.420660E-02	-6.236850E-02	6.420660E-02	-3.021640E-09	-1.141960E-08	9.999000E+03	9.999000E+03	3.118455E-03	-3.210330E-03	-3.118425E-03	3.210330E-03	9.999000E+03	9.999000E+03
34 34 13.0  5.0 
5
0.001	-6.231280E-05	4.771080E-05	6.103820E-04	-6.005300E-04	-4.548260E-04	4.792620E-04	4.598270E-05	-3.495960E-05	-6.231280E-06	4.771080E-06	3.051910E-05	-3.002650E-05	-2.274130E-05	2.396310E-05	4.598270E-06	-3.495960E-06
0.01	-1.763810E-04	5.349870E-05	1.904950E-03	-1.804780E-03	-1.459850E-03	1.650060E-03	1.294410E-04	-3.671290E-05	-1.763810E-05	5.349870E-06	9.524750E-05	-9.023900E-05	-7.299250E-05	8.250300E-05	1.294410E-05	-3.671290E-06
0.1	-1.357110E-04	-1.398120E-04	5.488080E-03	-6.300020E-03	-5.041760E-03	6.609700E-03	8.816320E-05	1.038510E-04	-1.357110E-05	-1.398120E-05	2.744040E-04	-3.150010E-04	-2.520880E-04	3.304850E-04	8.816320E-06	1.038510E-05
1	1.553300E-05	1.595810E-05	2.010040E-02	-1.974130E-02	-2.020320E-02	1.971740E-02	-8.463190E-06	-9.841200E-06	1.553300E-06	1.595810E-06	1.005020E-03	-9.870650E-04	-1.010160E-03	9.858700E-04	-8.463190E-07	-9.841200E-07
10	-5.674810E-09	-2.473650E-08	6.236910E-02	-6.420660E-02	-6.236850E-02	6.420660E-02	3.021640E-09	1.141960E-08	9.999000E+03	9.999000E+03	3.118455E-03	-3.210330E-03	-3.118425E-03	3.210330E-03	9.999000E+03	9.999000E+03
35 35 13.0  9.0 
5
0.001	-9.168570E-05	7.010070E-05	6.062370E-04	-5.995040E-04	-5.263140E-04	5.373720E-04	7.885390E-05	-6.005580E-05	-9.168570E-06	7.010070E-06	3.031185E-05	-2.997520E-05	-2.631570E-05	2.686860E-05	7.885390E-06	-6.005580E-06
0.01	-2.596420E-04	7.736020E-05	1.897540E-03	-1.824370E-03	-1.668870E-03	1.746920E-03	2.225820E-04	-6.405690E-05	-2.596420E-05	7.736020E-06	9.487700E-05	-9.121850E-05	-8.344350E-05	8.734600E-05	2.225820E-05	-6.405690E-06
0.1	-1.897000E-04	-2.059680E-04	5.594970E-03	-6.340190E-03	-5.379090E-03	6.503650E-03	1.528760E-04	1.771710E-04	-1.897000E-05	-2.059680E-05	2.797485E-04	-3.170095E-04	-2.689545E-04	3.251825E-04	1.528760E-05	1.771710E-05
1	2.144790E-05	2.127830E-05	2.004490E-02	-1.973040E-02	-2.009050E-02	1.971680E-02	-1.613640E-05	-1.660850E-05	2.144790E-06	2.127830E-06	1.002245E-03	-9.865200E-04	-1.004525E-03	9.858400E-04	-1.613640E-06	-1.660850E-06
10	-3.974550E-08	-5.006970E-08	6.236930E-02	-6.420660E-02	-6.236900E-02	6.420660E-02	2.999470E-08	3.305630E-08	9.999000E+03	9.999000E+03	3.118465E-03	-3.210330E-03	-3.118450E-03	3.210330E-03	9.999000E+03	9.999000E+03
36 36 13.0  13.0 
5
0.001	-9.563080E-05	7.278420E-05	5.992080E-04	-5.970030E-04	-5.992080E-04	5.970030E-04	9.563080E-05	-7.278420E-05	-9.563080E-06	7.278420E-06	2.996040E-05	-2.985015E-05	-2.996040E-05	2.985015E-05	9.563080E-06	-7.278420E-06
0.01	-2.704700E-04	7.693130E-05	1.883120E-03	-1.849070E-03	-1.883120E-03	1.849070E-03	2.704700E-04	-7.693130E-05	-2.704700E-05	7.693130E-06	9.415600E-05	-9.245350E-05	-9.415600E-05	9.245350E-05	2.704700E-05	-7.693130E-06
0.1	-1.753140E-04	-2.160850E-04	5.738090E-03	-6.396640E-03	-5.738090E-03	6.396640E-03	1.753140E-04	2.160850E-04	-1.753140E-05	-2.160850E-05	2.869045E-04	-3.198320E-04	-2.869045E-04	3.198320E-04	1.753140E-05	2.160850E-05
1	1.680200E-05	1.990480E-05	1.997260E-02	-1.971360E-02	-1.997260E-02	1.971360E-02	-1.680200E-05	-1.990480E-05	1.680200E-06	1.990480E-06	9.986300E-04	-9.856800E-04	-9.986300E-04	9.856800E-04	-1.680200E-06	-1.990480E-06
10	-2.561040E-08	-3.555770E-08	6.236980E-02	-6.420670E-02	-6.236980E-02	6.420670E-02	2.561040E-08	3.555770E-08	9.999000E+03	9.999000E+03	3.118490E-03	-3.210335E-03	-3.118490E-03	3.210335E-03	9.999000E+03	9.999000E+03
99 99 0.0 0.0
0
VTF   36
101     101           -13         -13
5
0.001 -8.237E-03  7.368E-03   -8.212E-03  7.373E-03   -4.119E-04  3.684E-04   -4.106E-04  3.687E-04
0.01  -2.936E-02  1.241E-02   -2.935E-02  1.241E-02   -1.468E-03  6.204E-04   -1.468E-03  6.203E-04
0.1   -1.667E-02  -2.748E-02  -1.667E-02  -2.748E-02  -8.337E-04  -1.374E-03  -8.337E-04  -1.374E-03
1     6.676E-04   1.910E-03   6.676E-04   1.910E-03   3.338E-05   9.548E-05   3.338E-05   9.548E-05
10    -2.652E-07  -1.403E-06  -2.652E-07  -1.403E-06  -1.326E-08  -7.014E-08  -1.326E-08  -7.014E-08
102     102           -13         -9
5
0.001 -1.049E-02  9.516E-03   -6.753E-03  6.137E-03   -5.243E-04  4.758E-04   -3.377E-04  3.068E-04
0.01  -3.790E-02  1.675E-02   -2.453E-02  1.055E-02   -1.895E-03  8.376E-04   -1.227E-03  5.277E-04
0.1   -2.526E-02  -3.506E-02  -1.480E-02  -2.267E-02  -1.263E-03  -1.753E-03  -7.399E-04  -1.133E-03
1     1.678E-03   2.896E-03   7.359E-04   1.726E-03   8.392E-05   1.448E-04   3.680E-05   8.629E-05
10    -1.942E-06  -3.740E-06  -3.797E-07  -1.386E-06  -9.711E-08  -1.870E-07  -1.899E-08  -6.931E-08
103     103           -13         -5
5
0.001 -1.242E-02  1.137E-02   -4.144E-03  3.794E-03   -6.210E-04  5.685E-04   -2.072E-04  1.897E-04
0.01  -4.527E-02  2.045E-02   -1.525E-02  6.514E-03   -2.264E-03  1.022E-03   -7.626E-04  3.257E-04
0.1   -3.276E-02  -4.132E-02  -9.065E-03  -1.390E-02  -1.638E-03  -2.066E-03  -4.532E-04  -6.950E-04
1     2.637E-03   3.790E-03   4.080E-04   1.103E-03   1.319E-04   1.895E-04   2.040E-05   5.514E-05
10    -3.002E-06  -5.708E-06  9.366E-08   -5.409E-07  -1.501E-07  -2.854E-07  4.683E-09   -2.704E-08
104     104           -13         5
5
0.001 -1.242E-02  1.137E-02   4.232E-03   -3.833E-03  -6.209E-04  5.685E-04   2.116E-04   -1.916E-04
0.01  -4.527E-02  2.045E-02   1.526E-02   -6.516E-03  -2.264E-03  1.022E-03   7.628E-04   -3.258E-04
0.1   -3.276E-02  -4.132E-02  9.065E-03   1.390E-02   -1.638E-03  -2.066E-03  4.532E-04   6.950E-04
1     2.637E-03   3.790E-03   -4.080E-04  -1.103E-03  1.319E-04   1.895E-04   -2.040E-05  -5.514E-05
10    -3.002E-06  -5.708E-06  -9.366E-08  5.409E-07   -1.501E-07  -2.854E-07  -4.683E-09  2.704E-08
105     105           -13         9
5
0.001 -1.049E-02  9.517E-03   6.841E-03   -6.176E-03  -5.243E-04  4.758E-04   3.421E-04   -3.088E-04
0.01  -3.790E-02  1.675E-02   2.453E-02   -1.056E-02  -1.895E-03  8.376E-04   1.227E-03   -5.279E-04
0.1   -2.526E-02  -3.506E-02  1.480E-02   2.267E-02   -1.263E-03  -1.753E-03  7.399E-04   1.133E-03
1     1.678E-03   2.896E-03   -7.359E-04  -1.726E-03  8.392E-05   1.448E-04   -3.680E-05  -8.629E-05
10    -1.942E-06  -3.740E-06  3.797E-07   1.386E-06   -9.711E-08  -1.870E-07  1.899E-08   6.931E-08
106     106           -13         13
5
0.001 -8.236E-03  7.368E-03   8.300E-03   -7.413E-03  -4.118E-04  3.684E-04   4.150E-04   -3.706E-04
0.01  -2.936E-02  1.241E-02   2.936E-02   -1.241E-02  -1.468E-03  6.204E-04   1.468E-03   -6.205E-04
0.1   -1.667E-02  -2.748E-02  1.667E-02   2.748E-02   -8.337E-04  -1.374E-03  8.337E-04   1.374E-03
1     6.676E-04   1.910E-03   -6.676E-04  -1.910E-03  3.338E-05   9.548E-05   -3.338E-05  -9.548E-05
10    -2.652E-07  -1.403E-06  2.652E-07   1.403E-06   -1.326E-08  -7.014E-08  1.326E-08   7.014E-08
107     107           -9          -13
5
0.001 -6.779E-03  6.132E-03   -1.046E-02  9.522E-03   -3.389E-04  3.066E-04   -5.230E-04  4.761E-04
0.01  -2.453E-02  1.056E-02   -3.790E-02  1.675E-02   -1.227E-03  5.278E-04   -1.895E-03  8.375E-04
0.1   -1.480E-02  -2.267E-02  -2.526E-02  -3.506E-02  -7.399E-04  -1.133E-03  -1.263E-03  -1.753E-03
1     7.359E-04   1.726E-03   1.678E-03   2.896E-03   3.680E-05   8.629E-05   8.392E-05   1.448E-04
10    -3.797E-07  -1.386E-06  -1.942E-06  -3.740E-06  -1.899E-08  -6.931E-08  -9.711E-08  -1.870E-07
108     108           -9          -9
5
0.001 -8.865E-03  8.116E-03   -8.839E-03  8.121E-03   -4.432E-04  4.058E-04   -4.420E-04  4.061E-04
0.01  -3.246E-02  1.431E-02   -3.245E-02  1.430E-02   -1.623E-03  7.153E-04   -1.623E-03  7.152E-04
0.1   -2.226E-02  -2.907E-02  -2.226E-02  -2.907E-02  -1.113E-03  -1.453E-03  -1.113E-03  -1.453E-03
1     1.721E-03   2.594E-03   1.721E-03   2.594E-03   8.606E-05   1.297E-04   8.606E-05   1.297E-04
10    -2.306E-06  -3.608E-06  -2.306E-06  -3.608E-06  -1.153E-07  -1.804E-07  -1.153E-07  -1.804E-07
109     109           -9          -5
5
0.001 -1.072E-02  9.865E-03   -5.514E-03  5.081E-03   -5.358E-04  4.933E-04   -2.757E-04  2.540E-04
0.01  -3.943E-02  1.744E-02   -2.041E-02  8.719E-03   -1.971E-03  8.720E-04   -1.021E-03  4.360E-04
0.1   -2.872E-02  -3.432E-02  -1.334E-02  -1.775E-02  -1.436E-03  -1.716E-03  -6.669E-04  -8.876E-04
1     2.644E-03   3.380E-03   9.510E-04   1.644E-03   1.322E-04   1.690E-04   4.755E-05   8.220E-05
10    -3.574E-06  -5.474E-06  -1.688E-07  -1.301E-06  -1.787E-07  -2.737E-07  -8.438E-09  -6.504E-08
110    110          -9          5
5
0.001 -1.071E-02  9.866E-03   5.602E-03   -5.119E-03  -5.357E-04  4.933E-04   2.801E-04   -2.560E-04
0.01  -3.943E-02  1.744E-02   2.041E-02   -8.722E-03  -1.971E-03  8.720E-04   1.021E-03   -4.361E-04
0.1   -2.872E-02  -3.432E-02  1.334E-02   1.775E-02   -1.436E-03  -1.716E-03  6.669E-04   8.876E-04
1     2.644E-03   3.380E-03   -9.510E-04  -1.644E-03  1.322E-04   1.690E-04   -4.755E-05  -8.220E-05
10    -3.574E-06  -5.474E-06  1.688E-07   1.301E-06   -1.787E-07  -2.737E-07  8.438E-09   6.504E-08
111    111          -9          9
5
0.001 -8.864E-03  8.117E-03   8.927E-03   -8.160E-03  -4.432E-04  4.058E-04   4.464E-04   -4.080E-04
0.01  -3.246E-02  1.431E-02   3.246E-02   -1.431E-02  -1.623E-03  7.153E-04   1.623E-03   -7.153E-04
0.1   -2.226E-02  -2.907E-02  2.226E-02   2.907E-02   -1.113E-03  -1.453E-03  1.113E-03   1.453E-03
1     1.721E-03   2.594E-03   -1.721E-03  -2.594E-03  8.606E-05   1.297E-04   -8.606E-05  -1.297E-04
10    -2.306E-06  -3.608E-06  2.306E-06   3.608E-06   -1.153E-07  -1.804E-07  1.153E-07   1.804E-07
112    112          -9          13
5
0.001 -6.778E-03  6.132E-03   1.055E-02   -9.561E-03  -3.389E-04  3.066E-04   5.274E-04   -4.781E-04
0.01  -2.453E-02  1.056E-02   3.790E-02   -1.675E-02  -1.227E-03  5.278E-04   1.895E-03   -8.376E-04
0.1   -1.480E-02  -2.267E-02  2.526E-02   3.506E-02   -7.399E-04  -1.133E-03  1.263E-03   1.753E-03
1     7.359E-04   1.726E-03   -1.678E-03  -2.896E-03  3.680E-05   8.629E-05   -8.392E-05  -1.448E-04
10    -3.797E-07  -1.386E-06  1.942E-06   3.740E-06   -1.899E-08  -6.931E-08  9.711E-08   1.870E-07
113    113          -5          -13
5
0.001 -4.170E-03  3.790E-03   -1.239E-02  1.137E-02   -2.085E-04  1.895E-04   -6.197E-04  5.687E-04
0.01  -1.525E-02  6.515E-03   -4.527E-02  2.045E-02   -7.627E-04  3.258E-04   -2.264E-03  1.022E-03
0.1   -9.065E-03  -1.390E-02  -3.276E-02  -4.132E-02  -4.532E-04  -6.950E-04  -1.638E-03  -2.066E-03
1     4.080E-04   1.103E-03   2.637E-03   3.790E-03   2.040E-05   5.514E-05   1.319E-04   1.895E-04
10    9.366E-08   -5.409E-07  -3.002E-06  -5.708E-06  4.683E-09   -2.704E-08  -1.501E-07  -2.854E-07
114    114          -5          -9
5
0.001 -5.540E-03  5.077E-03   -1.069E-02  9.870E-03   -2.770E-04  2.538E-04   -5.345E-04  4.935E-04
0.01  -2.041E-02  8.721E-03   -3.943E-02  1.744E-02   -1.021E-03  4.361E-04   -1.971E-03  8.719E-04
0.1   -1.334E-02  -1.775E-02  -2.872E-02  -3.432E-02  -6.669E-04  -8.876E-04  -1.436E-03  -1.716E-03
1     9.510E-04   1.644E-03   2.644E-03   3.380E-03   4.755E-05   8.220E-05   1.322E-04   1.690E-04
10    -1.688E-07  -1.301E-06  -3.574E-06  -5.474E-06  -8.438E-09  -6.504E-08  -1.787E-07  -2.737E-07
115    115          -5          -5
5
0.001 -6.781E-03  6.224E-03   -6.756E-03  6.228E-03   -3.391E-04  3.112E-04   -3.378E-04  3.114E-04
0.01  -2.499E-02  1.050E-02   -2.498E-02  1.050E-02   -1.249E-03  5.249E-04   -1.249E-03  5.248E-04
0.1   -1.697E-02  -2.087E-02  -1.697E-02  -2.087E-02  -8.485E-04  -1.043E-03  -8.485E-04  -1.043E-03
1     1.454E-03   2.129E-03   1.454E-03   2.129E-03   7.270E-05   1.064E-04   7.270E-05   1.064E-04
10    -3.073E-07  -1.937E-06  -3.073E-07  -1.937E-06  -1.536E-08  -9.683E-08  -1.536E-08  -9.683E-08
116    116          -5          5
5
0.001 -6.781E-03  6.224E-03   6.844E-03   -6.266E-03  -3.390E-04  3.112E-04   3.422E-04   -3.133E-04
0.01  -2.499E-02  1.050E-02   2.499E-02   -1.050E-02  -1.249E-03  5.249E-04   1.249E-03   -5.250E-04
0.1   -1.697E-02  -2.087E-02  1.697E-02   2.087E-02   -8.485E-04  -1.043E-03  8.485E-04   1.043E-03
1     1.454E-03   2.129E-03   -1.454E-03  -2.129E-03  7.270E-05   1.064E-04   -7.270E-05  -1.064E-04
10    -3.073E-07  -1.937E-06  3.073E-07   1.937E-06   -1.536E-08  -9.683E-08  1.536E-08   9.683E-08
117    117          -5          9
5
0.001 -5.539E-03  5.077E-03   1.078E-02   -9.909E-03  -2.769E-04  2.538E-04   5.389E-04   -4.954E-04
0.01  -2.041E-02  8.721E-03   3.943E-02   -1.744E-02  -1.021E-03  4.361E-04   1.971E-03   -8.720E-04
0.1   -1.334E-02  -1.775E-02  2.872E-02   3.432E-02   -6.669E-04  -8.876E-04  1.436E-03   1.716E-03
1     9.510E-04   1.644E-03   -2.644E-03  -3.380E-03  4.755E-05   8.220E-05   -1.322E-04  -1.690E-04
10    -1.688E-07  -1.301E-06  3.574E-06   5.474E-06   -8.438E-09  -6.504E-08  1.787E-07   2.737E-07
118    118          -5          13
5
0.001 -4.169E-03  3.790E-03   1.248E-02   -1.141E-02  -2.085E-04  1.895E-04   6.241E-04   -5.707E-04
0.01  -1.525E-02  6.515E-03   4.528E-02   -2.045E-02  -7.627E-04  3.258E-04   2.264E-03   -1.022E-03
0.1   -9.065E-03  -1.390E-02  3.276E-02   4.132E-02   -4.532E-04  -6.950E-04  1.638E-03   2.066E-03
1     4.080E-04   1.103E-03   -2.637E-03  -3.790E-03  2.040E-05   5.514E-05   -1.319E-04  -1.895E-04
10    9.366E-08   -5.409E-07  3.002E-06   5.708E-06   4.683E-09   -2.704E-08  1.501E-07   2.854E-07
119    119          5           -13
5
0.001 4.206E-03   -3.836E-03  -1.239E-02  1.138E-02   2.103E-04   -1.918E-04  -6.197E-04  5.688E-04
0.01  1.525E-02   -6.514E-03  -4.527E-02  2.045E-02   7.627E-04   -3.257E-04  -2.264E-03  1.022E-03
0.1   9.065E-03   1.390E-02   -3.276E-02  -4.132E-02  4.532E-04   6.950E-04   -1.638E-03  -2.066E-03
1     -4.080E-04  -1.103E-03  2.637E-03   3.790E-03   -2.040E-05  -5.514E-05  1.319E-04   1.895E-04
10    -9.366E-08  5.409E-07   -3.002E-06  -5.708E-06  -4.683E-09  2.704E-08   -1.501E-07  -2.854E-07
120    120          5           -9
5
0.001 5.575E-03   -5.122E-03  -1.069E-02  9.871E-03   2.788E-04   -2.561E-04  -5.345E-04  4.935E-04
0.01  2.041E-02   -8.720E-03  -3.943E-02  1.744E-02   1.021E-03   -4.360E-04  -1.971E-03  8.719E-04
0.1   1.334E-02   1.775E-02   -2.872E-02  -3.432E-02  6.669E-04   8.876E-04   -1.436E-03  -1.716E-03
1     -9.510E-04  -1.644E-03  2.644E-03   3.380E-03   -4.755E-05  -8.220E-05  1.322E-04   1.690E-04
10    1.688E-07   1.301E-06   -3.574E-06  -5.474E-06  8.438E-09   6.504E-08   -1.787E-07  -2.737E-07
121    121          5           -5
5
0.001 6.817E-03   -6.269E-03  -6.755E-03  6.229E-03   3.409E-04   -3.135E-04  -3.378E-04  3.114E-04
0.01  2.499E-02   -1.050E-02  -2.498E-02  1.050E-02   1.249E-03   -5.249E-04  -1.249E-03  5.248E-04
0.1   1.697E-02   2.087E-02   -1.697E-02  -2.087E-02  8.485E-04   1.043E-03   -8.485E-04  -1.043E-03
1     -1.454E-03  -2.129E-03  1.454E-03   2.129E-03   -7.270E-05  -1.064E-04  7.270E-05   1.064E-04
10    3.073E-07   1.937E-06   -3.073E-07  -1.937E-06  1.536E-08   9.683E-08   -1.536E-08  -9.683E-08
122    122          5           5
5
0.001 6.818E-03   -6.270E-03  6.844E-03   -6.266E-03  3.409E-04   -3.135E-04  3.422E-04   -3.133E-04
0.01  2.499E-02   -1.050E-02  2.499E-02   -1.050E-02  1.249E-03   -5.249E-04  1.249E-03   -5.250E-04
0.1   1.697E-02   2.087E-02   1.697E-02   2.087E-02   8.485E-04   1.043E-03   8.485E-04   1.043E-03
1     -1.454E-03  -2.129E-03  -1.454E-03  -2.129E-03  -7.270E-05  -1.064E-04  -7.270E-05  -1.064E-04
10    3.073E-07   1.937E-06   3.073E-07   1.937E-06   1.536E-08   9.683E-08   1.536E-08   9.683E-08
123    123          5           9
5
0.001 5.577E-03   -5.123E-03  1.078E-02   -9.909E-03  2.788E-04   -2.561E-04  5.389E-04   -4.954E-04
0.01  2.041E-02   -8.720E-03  3.943E-02   -1.744E-02  1.021E-03   -4.360E-04  1.971E-03   -8.720E-04
0.1   1.334E-02   1.775E-02   2.872E-02   3.432E-02   6.669E-04   8.876E-04   1.436E-03   1.716E-03
1     -9.510E-04  -1.644E-03  -2.644E-03  -3.380E-03  -4.755E-05  -8.220E-05  -1.322E-04  -1.690E-04
10    1.688E-07   1.301E-06   3.574E-06   5.474E-06   8.438E-09   6.504E-08   1.787E-07   2.737E-07
124   124          5           13
5
0.001 4.207E-03   -3.836E-03  1.248E-02   -1.141E-02  2.104E-04   -1.918E-04  6.241E-04   -5.707E-04
0.01  1.525E-02   -6.514E-03  4.528E-02   -2.045E-02  7.627E-04   -3.257E-04  2.264E-03   -1.022E-03
0.1   9.065E-03   1.390E-02   3.276E-02   4.132E-02   4.532E-04   6.950E-04   1.638E-03   2.066E-03
1     -4.080E-04  -1.103E-03  -2.637E-03  -3.790E-03  -2.040E-05  -5.514E-05  -1.319E-04  -1.895E-04
10    -9.366E-08  5.409E-07   3.002E-06   5.708E-06   -4.683E-09  2.704E-08   1.501E-07   2.854E-07
125    125          9           -13
5
0.001 6.814E-03   -6.178E-03  -1.046E-02  9.522E-03   3.407E-04   -3.089E-04  -5.230E-04  4.761E-04
0.01  2.453E-02   -1.056E-02  -3.790E-02  1.675E-02   1.227E-03   -5.278E-04  -1.895E-03  8.375E-04
0.1   1.480E-02   2.267E-02   -2.526E-02  -3.506E-02  7.399E-04   1.133E-03   -1.263E-03  -1.753E-03
1     -7.359E-04  -1.726E-03  1.678E-03   2.896E-03   -3.680E-05  -8.629E-05  8.392E-05   1.448E-04
10    3.797E-07   1.386E-06   -1.942E-06  -3.740E-06  1.899E-08   6.931E-08   -9.711E-08  -1.870E-07
126    126          9           -9
5
0.001 8.901E-03   -8.162E-03  -8.839E-03  8.122E-03   4.450E-04   -4.081E-04  -4.419E-04  4.061E-04
0.01  3.246E-02   -1.430E-02  -3.245E-02  1.430E-02   1.623E-03   -7.152E-04  -1.623E-03  7.152E-04
0.1   2.226E-02   2.907E-02   -2.226E-02  -2.907E-02  1.113E-03   1.453E-03   -1.113E-03  -1.453E-03
1     -1.721E-03  -2.594E-03  1.721E-03   2.594E-03   -8.606E-05  -1.297E-04  8.606E-05   1.297E-04
10    2.306E-06   3.608E-06   -2.306E-06  -3.608E-06  1.153E-07   1.804E-07   -1.153E-07  -1.804E-07
127    127          9           -5
5
0.001 1.075E-02   -9.911E-03  -5.514E-03  5.081E-03   5.376E-04   -4.956E-04  -2.757E-04  2.541E-04
0.01  3.943E-02   -1.744E-02  -2.041E-02  8.719E-03   1.971E-03   -8.719E-04  -1.021E-03  4.360E-04
0.1   2.872E-02   3.432E-02   -1.334E-02  -1.775E-02  1.436E-03   1.716E-03   -6.669E-04  -8.876E-04
1     -2.644E-03  -3.380E-03  9.510E-04   1.644E-03   -1.322E-04  -1.690E-04  4.755E-05   8.220E-05
10    3.574E-06   5.474E-06   -1.688E-07  -1.301E-06  1.787E-07   2.737E-07   -8.438E-09  -6.504E-08
128    128          9           5
5
0.001 1.075E-02   -9.912E-03  5.602E-03   -5.119E-03  5.376E-04   -4.956E-04  2.801E-04   -2.560E-04
0.01  3.943E-02   -1.744E-02  2.041E-02   -8.722E-03  1.971E-03   -8.719E-04  1.021E-03   -4.361E-04
0.1   2.872E-02   3.432E-02   1.334E-02   1.775E-02   1.436E-03   1.716E-03   6.669E-04   8.876E-04
1     -2.644E-03  -3.380E-03  -9.510E-04  -1.644E-03  -1.322E-04  -1.690E-04  -4.755E-05  -8.220E-05
10    3.574E-06   5.474E-06   1.688E-07   1.301E-06   1.787E-07   2.737E-07   8.438E-09   6.504E-08
129    129          9           9
5
0.001 8.902E-03   -8.163E-03  8.927E-03   -8.160E-03  4.451E-04   -4.081E-04  4.464E-04   -4.080E-04
0.01  3.246E-02   -1.430E-02  3.246E-02   -1.431E-02  1.623E-03   -7.152E-04  1.623E-03   -7.153E-04
0.1   2.226E-02   2.907E-02   2.226E-02   2.907E-02   1.113E-03   1.453E-03   1.113E-03   1.453E-03
1     -1.721E-03  -2.594E-03  -1.721E-03  -2.594E-03  -8.606E-05  -1.297E-04  -8.606E-05  -1.297E-04
10    2.306E-06   3.608E-06   2.306E-06   3.608E-06   1.153E-07   1.804E-07   1.153E-07   1.804E-07
130    130          9           13
5
0.001 6.816E-03   -6.179E-03  1.055E-02   -9.561E-03  3.408E-04   -3.089E-04  5.274E-04   -4.781E-04
0.01  2.453E-02   -1.056E-02  3.790E-02   -1.675E-02  1.227E-03   -5.278E-04  1.895E-03   -8.376E-04
0.1   1.480E-02   2.267E-02   2.526E-02   3.506E-02   7.399E-04   1.133E-03   1.263E-03   1.753E-03
1     -7.359E-04  -1.726E-03  -1.678E-03  -2.896E-03  -3.680E-05  -8.629E-05  -8.392E-05  -1.448E-04
10    3.797E-07   1.386E-06   1.942E-06   3.740E-06   1.899E-08   6.931E-08   9.711E-08   1.870E-07
131    131          13          -13
5
0.001 8.273E-03   -7.414E-03  -8.211E-03  7.374E-03   4.136E-04   -3.707E-04  -4.106E-04  3.687E-04
0.01  2.936E-02   -1.241E-02  -2.935E-02  1.241E-02   1.468E-03   -6.204E-04  -1.468E-03  6.203E-04
0.1   1.667E-02   2.748E-02   -1.667E-02  -2.748E-02  8.337E-04   1.374E-03   -8.337E-04  -1.374E-03
1     -6.676E-04  -1.910E-03  6.676E-04   1.910E-03   -3.338E-05  -9.548E-05  3.338E-05   9.548E-05
10    2.652E-07   1.403E-06   -2.652E-07  -1.403E-06  1.326E-08   7.014E-08   -1.326E-08  -7.014E-08
132    132          13          -9
5
0.001 1.052E-02   -9.563E-03  -6.753E-03  6.137E-03   5.261E-04   -4.781E-04  -3.376E-04  3.069E-04
0.01  3.790E-02   -1.675E-02  -2.453E-02  1.055E-02   1.895E-03   -8.375E-04  -1.227E-03  5.277E-04
0.1   2.526E-02   3.506E-02   -1.480E-02  -2.267E-02  1.263E-03   1.753E-03   -7.399E-04  -1.133E-03
1     -1.678E-03  -2.896E-03  7.359E-04   1.726E-03   -8.392E-05  -1.448E-04  3.680E-05   8.629E-05
10    1.942E-06   3.740E-06   -3.797E-07  -1.386E-06  9.711E-08   1.870E-07   -1.899E-08  -6.931E-08
133    133          13          -5
5
0.001 1.246E-02   -1.142E-02  -4.144E-03  3.795E-03   6.228E-04   -5.708E-04  -2.072E-04  1.897E-04
0.01  4.527E-02   -2.045E-02  -1.525E-02  6.513E-03   2.264E-03   -1.022E-03  -7.626E-04  3.257E-04
0.1   3.276E-02   4.132E-02   -9.065E-03  -1.390E-02  1.638E-03   2.066E-03   -4.532E-04  -6.950E-04
1     -2.637E-03  -3.790E-03  4.080E-04   1.103E-03   -1.319E-04  -1.895E-04  2.040E-05   5.514E-05
10    3.002E-06   5.708E-06   9.366E-08   -5.409E-07  1.501E-07   2.854E-07   4.683E-09   -2.704E-08
134    134          13          5
5
0.001 1.246E-02   -1.142E-02  4.233E-03   -3.833E-03  6.228E-04   -5.708E-04  2.116E-04   -1.916E-04
0.01  4.527E-02   -2.045E-02  1.526E-02   -6.516E-03  2.264E-03   -1.022E-03  7.628E-04   -3.258E-04
0.1   3.276E-02   4.132E-02   9.065E-03   1.390E-02   1.638E-03   2.066E-03   4.532E-04   6.950E-04
1     -2.637E-03  -3.790E-03  -4.080E-04  -1.103E-03  -1.319E-04  -1.895E-04  -2.040E-05  -5.514E-05
10    3.002E-06   5.708E-06   -9.366E-08  5.409E-07   1.501E-07   2.854E-07   -4.683E-09  2.704E-08
135    135          13          9
5
0.001 1.052E-02   -9.563E-03  6.841E-03   -6.176E-03  5.261E-04   -4.782E-04  3.421E-04   -3.088E-04
0.01  3.790E-02   -1.675E-02  2.453E-02   -1.056E-02  1.895E-03   -8.375E-04  1.227E-03   -5.279E-04
0.1   2.526E-02   3.506E-02   1.480E-02   2.267E-02   1.263E-03   1.753E-03   7.399E-04   1.133E-03
1     -1.678E-03  -2.896E-03  -7.359E-04  -1.726E-03  -8.392E-05  -1.448E-04  -3.680E-05  -8.629E-05
10    1.942E-06   3.740E-06   3.797E-07   1.386E-06   9.711E-08   1.870E-07   1.899E-08   6.931E-08
136    136          13          13
5
0.001 8.274E-03   -7.415E-03  8.300E-03   -7.413E-03  4.137E-04   -3.708E-04  4.150E-04   -3.706E-04
0.01  2.936E-02   -1.241E-02  2.936E-02   -1.241E-02  1.468E-03   -6.204E-04  1.468E-03   -6.205E-04
0.1   1.667E-02   2.748E-02   1.667E-02   2.748E-02   8.337E-04   1.374E-03   8.337E-04   1.374E-03
1     -6.676E-04  -1.910E-03  -6.676E-04  -1.910E-03  -3.338E-05  -9.548E-05  -3.338E-05  -9.548E-05
10    2.652E-07   1.403E-06   2.652E-07   1.403E-06   1.326E-08   7.014E-08   1.326E-08   7.014E-08
NMT2  7
201     99           0.0          0.0          0.0          15.0         0.0          0.0          10.0         0.0
5
0.001 1.145E-09    1.333E-10    3.922E-04    -4.192E-04   -4.607E-04   4.742E-04    2.873E-10    -2.061E-09   9.999E+03    9.999E+03    1.961E-05    -2.096E-05   -2.304E-05   2.371E-05    9.999E+03    9.999E+03
0.01  -4.335E-10   -3.450E-10   1.261E-03    -1.463E-03   -1.457E-03   1.553E-03    7.672E-10    4.597E-10    9.999E+03    9.999E+03    6.305E-05    -7.314E-05   -7.284E-05   7.765E-05    9.999E+03    9.999E+03
0.1   1.525E-11    -2.277E-11   4.227E-03    -6.496E-03   -4.557E-03   6.426E-03    -1.158E-12   -6.619E-12   9.999E+03    9.999E+03    2.113E-04    -3.248E-04   -2.278E-04   3.213E-04    9.999E+03    9.999E+03
1     4.216E-14    -1.736E-13   2.063E-02    -1.986E-02   -2.049E-02   1.982E-02    -1.890E-13   8.562E-13    9.999E+03    9.999E+03    1.032E-03    -9.930E-04   -1.025E-03   9.912E-04    9.999E+03    9.999E+03
10    3.562E-14    -5.474E-14   6.236E-02    -6.421E-02   -6.237E-02   6.421E-02    -4.795E-14   7.204E-14    9.999E+03    9.999E+03    3.118E-03    -3.210E-03   -3.118E-03   3.210E-03    9.999E+03    9.999E+03
202     99           0.0          0.0          0.0          15.0         0.0          0.0          -8.0         0.0
5
0.001 1.685E-09    -4.779E-10   3.668E-04    -3.989E-04   -4.607E-04   4.742E-04    2.873E-10    -2.061E-09   9.999E+03    9.999E+03    1.834E-05    -1.994E-05   -2.304E-05   2.371E-05    9.999E+03    9.999E+03
0.01  1.835E-10    1.948E-10    1.188E-03    -1.430E-03   -1.457E-03   1.553E-03    7.672E-10    4.597E-10    9.999E+03    9.999E+03    5.942E-05    -7.149E-05   -7.284E-05   7.765E-05    9.999E+03    9.999E+03
0.1   -1.071E-11   1.181E-11    4.106E-03    -6.524E-03   -4.557E-03   6.426E-03    -1.158E-12   -6.619E-12   9.999E+03    9.999E+03    2.053E-04    -3.262E-04   -2.278E-04   3.213E-04    9.999E+03    9.999E+03
1     -2.202E-14   8.728E-14    2.068E-02    -1.987E-02   -2.049E-02   1.982E-02    -1.890E-13   8.562E-13    9.999E+03    9.999E+03    1.034E-03    -9.936E-04   -1.025E-03   9.912E-04    9.999E+03    9.999E+03
10    -1.712E-14   2.774E-14    6.236E-02    -6.421E-02   -6.237E-02   6.421E-02    -4.795E-14   7.204E-14    9.999E+03    9.999E+03    3.118E-03    -3.210E-03   -3.118E-03   3.210E-03    9.999E+03    9.999E+03
203     99           0.0          0.0          -8.0         0.0          0.0          0.0          -15.0        -15.0
5
0.001 1.685E-09    -4.779E-10   3.668E-04    -3.989E-04   -5.183E-04   5.206E-04    1.515E-04    -1.216E-04   9.999E+03    9.999E+03    1.834E-05    -1.994E-05   -2.591E-05   2.603E-05    7.577E-06    -6.081E-06
0.01  1.835E-10    1.948E-10    1.188E-03    -1.430E-03   -1.620E-03   1.632E-03    4.331E-04    -1.983E-04   9.999E+03    9.999E+03    5.942E-05    -7.149E-05   -8.100E-05   8.158E-05    2.166E-05    -9.915E-06
0.1   -1.071E-11   1.181E-11    4.106E-03    -6.524E-03   -4.862E-03   6.379E-03    7.243E-04    1.688E-04    9.999E+03    9.999E+03    2.053E-04    -3.262E-04   -2.431E-04   3.190E-04    3.621E-05    8.442E-06
1     -2.202E-14   8.728E-14    2.068E-02    -1.987E-02   -2.036E-02   1.980E-02    -2.883E-04   5.797E-05    9.999E+03    9.999E+03    1.034E-03    -9.936E-04   -1.018E-03   9.898E-04    -1.441E-05   2.899E-06
10    -1.712E-14   2.774E-14    6.236E-02    -6.421E-02   -6.237E-02   6.421E-02    2.199E-06    -4.954E-07   9.999E+03    9.999E+03    3.118E-03    -3.210E-03   -3.118E-03   3.210E-03    1.100E-07    -2.477E-08
204     99           0.0          0.0          10.0         0.0          0.0          0.0          -15.0        -15.0
5
0.001 1.145E-09    1.333E-10    3.922E-04    -4.192E-04   -5.183E-04   5.206E-04    1.261E-04    -1.012E-04   9.999E+03    9.999E+03    1.961E-05    -2.096E-05   -2.591E-05   2.603E-05    6.306E-06    -5.062E-06
0.01  -4.335E-10   -3.450E-10   1.261E-03    -1.463E-03   -1.620E-03   1.632E-03    3.605E-04    -1.652E-04   9.999E+03    9.999E+03    6.305E-05    -7.314E-05   -8.100E-05   8.158E-05    1.803E-05    -8.259E-06
0.1   1.525E-11    -2.277E-11   4.227E-03    -6.496E-03   -4.862E-03   6.379E-03    6.037E-04    1.415E-04    9.999E+03    9.999E+03    2.113E-04    -3.248E-04   -2.431E-04   3.190E-04    3.019E-05    7.073E-06
1     4.216E-14    -1.736E-13   2.063E-02    -1.986E-02   -2.036E-02   1.980E-02    -2.384E-04   4.614E-05    9.999E+03    9.999E+03    1.032E-03    -9.930E-04   -1.018E-03   9.898E-04    -1.192E-05   2.307E-06
10    3.562E-14    -5.474E-14   6.236E-02    -6.421E-02   -6.237E-02   6.421E-02    1.814E-06    -4.074E-07   9.999E+03    9.999E+03    3.118E-03    -3.210E-03   -3.118E-03   3.210E-03    9.072E-08    -2.037E-08
205     99           20.0         20.0         10.0         20.0         20.0         20.0         20.0         10.0
5
0.001 -6.685E-05   5.287E-05    6.029E-04    -5.896E-04   -6.029E-04   5.896E-04    6.686E-05    -5.287E-05   -3.343E-06   2.643E-06    3.014E-05    -2.948E-05   -3.014E-05   2.948E-05    3.343E-06    -2.643E-06
0.01  -1.941E-04   7.403E-05    1.852E-03    -1.769E-03   -1.852E-03   1.769E-03    1.941E-04    -7.402E-05   -9.706E-06   3.701E-06    9.260E-05    -8.847E-05   -9.260E-05   8.847E-05    9.707E-06    -3.701E-06
0.1   -2.103E-04   -1.574E-04   5.516E-03    -6.449E-03   -5.516E-03   6.449E-03    2.103E-04    1.574E-04    -1.051E-05   -7.872E-06   2.758E-04    -3.225E-04   -2.758E-04   3.225E-04    1.051E-05    7.872E-06
1     2.657E-05    2.380E-05    2.002E-02    -1.969E-02   -2.002E-02   1.969E-02    -2.657E-05   -2.380E-05   1.328E-06    1.190E-06    1.001E-03    -9.845E-04   -1.001E-03   9.845E-04    -1.328E-06   -1.190E-06
10    -4.120E-08   -3.110E-08   6.237E-02    -6.421E-02   -6.237E-02   6.421E-02    4.120E-08    3.110E-08    -2.060E-09   -1.555E-09   3.118E-03    -3.210E-03   -3.118E-03   3.210E-03    2.060E-09    1.555E-09
206     99           15.0         -15.0        20.0         0.0          15.0         -15.0        5.0          -5.0
5
0.001 6.251E-05    -4.899E-05   5.773E-04    -5.684E-04   -5.384E-04   5.377E-04    -2.350E-05   1.847E-05    3.126E-06    -2.449E-06   2.886E-05    -2.842E-05   -2.692E-05   2.689E-05    -1.175E-06   9.235E-07
0.01  1.867E-04    -5.724E-05   1.786E-03    -1.718E-03   -1.671E-03   1.679E-03    -6.967E-05   2.276E-05    9.335E-06    -2.862E-06   8.929E-05    -8.588E-05   -8.353E-05   8.395E-05    -3.483E-06   1.138E-06
0.1   8.653E-05    2.355E-04    5.221E-03    -6.375E-03   -5.141E-03   6.502E-03    -4.327E-05   -8.052E-05   4.327E-06    1.177E-05    2.610E-04    -3.187E-04   -2.570E-04   3.251E-04    -2.163E-06   -4.026E-06
1     7.657E-05    -9.286E-05   2.018E-02    -1.973E-02   -2.015E-02   1.969E-02    -1.910E-05   2.734E-05    3.829E-06    -4.643E-06   1.009E-03    -9.867E-04   -1.008E-03   9.843E-04    -9.552E-07   1.367E-06
10    -1.351E-06   7.444E-07    6.237E-02    -6.421E-02   -6.237E-02   6.421E-02    3.657E-07    -2.004E-07   -6.754E-08   3.722E-08    3.118E-03    -3.210E-03   -3.118E-03   3.210E-03    1.829E-08    -1.002E-08
207     99           -20.0        20.0         -10.0        20.0         -20.0        20.0         -20.0        10.0
5
0.001 6.685E-05    -5.287E-05   6.029E-04    -5.896E-04   -6.029E-04   5.896E-04    -6.685E-05   5.286E-05    3.343E-06    -2.644E-06   3.014E-05    -2.948E-05   -3.014E-05   2.948E-05    -3.343E-06   2.643E-06
0.01  1.941E-04    -7.403E-05   1.852E-03    -1.769E-03   -1.852E-03   1.769E-03    -1.941E-04   7.403E-05    9.706E-06    -3.701E-06   9.260E-05    -8.847E-05   -9.260E-05   8.847E-05    -9.706E-06   3.701E-06
0.1   2.103E-04    1.574E-04    5.516E-03    -6.449E-03   -5.516E-03   6.449E-03    -2.103E-04   -1.574E-04   1.051E-05    7.872E-06    2.758E-04    -3.225E-04   -2.758E-04   3.225E-04    -1.051E-05   -7.872E-06
1     -2.657E-05   -2.380E-05   2.002E-02    -1.969E-02   -2.002E-02   1.969E-02    2.657E-05    2.380E-05    -1.328E-06   -1.190E-06   1.001E-03    -9.845E-04   -1.001E-03   9.845E-04    1.328E-06    1.190E-06
10    4.120E-08    3.110E-08    6.237E-02    -6.421E-02   -6.237E-02   6.421E-02    -4.120E-08   -3.110E-08   2.060E-09    1.555E-09    3.118E-03    -3.210E-03   -3.118E-03   3.210E-03    -2.060E-09   -1.555E-09
END
