MT    36
    1    1     -13.000000     -13.000000
  5
0.001 -2.0435E-05  1.5553E-05  1.2804E-04 -1.2757E-04 -1.0357E-04  1.0319E-04  1.6530E-05 -1.2581E-05  8.1281E-06  8.1281E-06  8.1281E-06  8.1281E-06  8.1281E-06  8.1281E-06  8.1281E-06  8.1281E-06
 0.01 -5.7796E-05  1.6439E-05  4.0240E-04 -3.9513E-04 -3.2550E-04  3.1961E-04  4.6751E-05 -1.3298E-05  2.5361E-05  2.5361E-05  2.5361E-05  2.5361E-05  2.5361E-05  2.5361E-05  2.5361E-05  2.5361E-05
  0.1 -3.7463E-05 -4.6175E-05  1.2262E-03 -1.3669E-03 -9.9183E-04  1.1057E-03  3.0303E-05  3.7350E-05  8.2575E-05  8.2575E-05  8.2575E-05  8.2575E-05  8.2575E-05  8.2575E-05  8.2575E-05  8.2575E-05
    1  3.5904E-06  4.2534E-06  4.2679E-03 -4.2126E-03 -3.4523E-03  3.4075E-03 -2.9042E-06 -3.4406E-06  2.6967E-04  2.6967E-04  2.6967E-04  2.6967E-04  2.6967E-04  2.6967E-04  2.6967E-04  2.6967E-04
   10 -5.4727E-09 -7.5983E-09  1.3328E-02 -1.3720E-02 -1.0781E-02  1.1098E-02  4.4268E-09  6.1462E-09  8.6016E-04  8.6016E-04  8.6016E-04  8.6016E-04  8.6016E-04  8.6016E-04  8.6016E-04  8.6016E-04
    2    2     -13.000000      -9.000000
  5
0.001 -4.9061E-05  3.7511E-05  3.2439E-04 -3.2079E-04 -2.4770E-05  2.5290E-05  3.7110E-06 -2.8264E-06  6.3541E-06  6.3541E-06  6.3541E-06  6.3541E-06  6.3541E-06  6.3541E-06  6.3541E-06  6.3541E-06
 0.01 -1.3893E-04  4.1395E-05  1.0154E-03 -9.7621E-04 -7.8541E-05  8.2214E-05  1.0475E-05 -3.0147E-06  2.0009E-05  2.0009E-05  2.0009E-05  2.0009E-05  2.0009E-05  2.0009E-05  2.0009E-05  2.0009E-05
  0.1 -1.0151E-04 -1.1021E-04  2.9938E-03 -3.3926E-03 -2.5315E-04  3.0608E-04  7.1947E-06  8.3381E-06  6.7030E-05  6.7030E-05  6.7030E-05  6.7030E-05  6.7030E-05  6.7030E-05  6.7030E-05  6.7030E-05
    1  1.1477E-05  1.1386E-05  1.0726E-02 -1.0558E-02 -9.4550E-04  9.2792E-04 -7.5942E-07 -7.8163E-07  2.2326E-04  2.2326E-04  2.2326E-04  2.2326E-04  2.2326E-04  2.2326E-04  2.2326E-04  2.2326E-04
   10 -2.1268E-08 -2.6792E-08  3.3374E-02 -3.4357E-02 -2.9352E-03  3.0217E-03  1.4116E-09  1.5557E-09  7.1024E-04  7.1024E-04  7.1024E-04  7.1024E-04  7.1024E-04  7.1024E-04  7.1024E-04  7.1024E-04
    3    3     -13.000000      -5.000000
  5
0.001 -1.9218E-05  1.4715E-05  1.8825E-04 -1.8521E-04 -5.3518E-04  5.6394E-04  5.4107E-05 -4.1136E-05  2.2656E-05  2.2656E-05  2.2656E-05  2.2656E-05  2.2656E-05  2.2656E-05  2.2656E-05  2.2656E-05
 0.01 -5.4398E-05  1.6500E-05  5.8751E-04 -5.5662E-04 -1.7178E-03  1.9416E-03  1.5231E-04 -4.3199E-05  7.2423E-05  7.2423E-05  7.2423E-05  7.2423E-05  7.2423E-05  7.2423E-05  7.2423E-05  7.2423E-05
  0.1 -4.1855E-05 -4.3120E-05  1.6926E-03 -1.9430E-03 -5.9325E-03  7.7775E-03  1.0374E-04  1.2220E-04  2.5103E-04  2.5103E-04  2.5103E-04  2.5103E-04  2.5103E-04  2.5103E-04  2.5103E-04  2.5103E-04
    1  4.7906E-06  4.9217E-06  6.1992E-03 -6.0885E-03 -2.3773E-02  2.3201E-02 -9.9585E-06 -1.1580E-05  8.4946E-04  8.4946E-04  8.4946E-04  8.4946E-04  8.4946E-04  8.4946E-04  8.4946E-04  8.4946E-04
   10 -1.7502E-09 -7.6290E-09  1.9235E-02 -1.9802E-02 -7.3388E-02  7.5551E-02  3.5555E-09  1.3437E-08  2.6962E-03  2.6962E-03  2.6962E-03  2.6962E-03  2.6962E-03  2.6962E-03  2.6962E-03  2.6962E-03
    4    4     -13.000000       5.000000
  5
0.001  4.4772E-05 -3.4280E-05  4.3856E-04 -4.3148E-04 -1.4905E-04  1.5706E-04 -1.5069E-05  1.1456E-05  1.8249E-05  1.8249E-05  1.8249E-05  1.8249E-05  1.8249E-05  1.8249E-05  1.8249E-05  1.8249E-05
 0.01  1.2673E-04 -3.8439E-05  1.3687E-03 -1.2967E-03 -4.7840E-04  5.4073E-04 -4.2418E-05  1.2031E-05  5.8336E-05  5.8336E-05  5.8336E-05  5.8336E-05  5.8336E-05  5.8336E-05  5.8336E-05  5.8336E-05
  0.1  9.7508E-05  1.0045E-04  3.9432E-03 -4.5266E-03 -1.6522E-03  2.1660E-03 -2.8891E-05 -3.4032E-05  2.0220E-04  2.0220E-04  2.0220E-04  2.0220E-04  2.0220E-04  2.0220E-04  2.0220E-04  2.0220E-04
    1 -1.1160E-05 -1.1466E-05  1.4442E-02 -1.4184E-02 -6.6207E-03  6.4615E-03  2.7734E-06  3.2250E-06  6.8423E-04  6.8423E-04  6.8423E-04  6.8423E-04  6.8423E-04  6.8423E-04  6.8423E-04  6.8423E-04
   10  4.0773E-09  1.7773E-08  4.4812E-02 -4.6132E-02 -2.0438E-02  2.1041E-02 -9.9020E-10 -3.7423E-09  2.1717E-03  2.1717E-03  2.1717E-03  2.1717E-03  2.1717E-03  2.1717E-03  2.1717E-03  2.1717E-03
    5    5     -13.000000       9.000000
  5
0.001  2.9789E-04 -2.2776E-04  1.9697E-03 -1.9478E-03 -7.1225E-03  7.2722E-03 -1.0671E-03  8.1272E-04  2.6551E-04  2.6551E-04  2.6551E-04  2.6551E-04  2.6551E-04  2.6551E-04  2.6551E-04  2.6551E-04
 0.01  8.4358E-04 -2.5134E-04  6.1651E-03 -5.9274E-03 -2.2585E-02  2.3641E-02 -3.0122E-03  8.6687E-04  8.3609E-04  8.3609E-04  8.3609E-04  8.3609E-04  8.3609E-04  8.3609E-04  8.3609E-04  8.3609E-04
  0.1  6.1634E-04  6.6919E-04  1.8178E-02 -2.0599E-02 -7.2794E-02  8.8013E-02 -2.0688E-03 -2.3976E-03  2.8008E-03  2.8008E-03  2.8008E-03  2.8008E-03  2.8008E-03  2.8008E-03  2.8008E-03  2.8008E-03
    1 -6.9685E-05 -6.9134E-05  6.5126E-02 -6.4104E-02 -2.7188E-01  2.6682E-01  2.1837E-04  2.2476E-04  9.3289E-03  9.3289E-03  9.3289E-03  9.3289E-03  9.3289E-03  9.3289E-03  9.3289E-03  9.3289E-03
   10  1.2913E-07  1.6268E-07  2.0264E-01 -2.0861E-01 -8.4403E-01  8.6890E-01 -4.0591E-07 -4.4734E-07  2.9677E-02  2.9677E-02  2.9677E-02  2.9677E-02  2.9677E-02  2.9677E-02  2.9677E-02  2.9677E-02
    6    6     -13.000000      13.000000
  5
0.001  1.3877E-04 -1.0562E-04  8.6953E-04 -8.6633E-04 -1.2683E-03  1.2636E-03 -2.0241E-04  1.5406E-04  7.4120E-05  7.4120E-05  7.4120E-05  7.4120E-05  7.4120E-05  7.4120E-05  7.4120E-05  7.4120E-05
 0.01  3.9249E-04 -1.1164E-04  2.7327E-03 -2.6833E-03 -3.9858E-03  3.9137E-03 -5.7248E-04  1.6283E-04  2.3127E-04  2.3127E-04  2.3127E-04  2.3127E-04  2.3127E-04  2.3127E-04  2.3127E-04  2.3127E-04
  0.1  2.5440E-04  3.1357E-04  8.3267E-03 -9.2824E-03 -1.2145E-02  1.3539E-02 -3.7107E-04 -4.5737E-04  7.5300E-04  7.5300E-04  7.5300E-04  7.5300E-04  7.5300E-04  7.5300E-04  7.5300E-04  7.5300E-04
    1 -2.4382E-05 -2.8885E-05  2.8983E-02 -2.8607E-02 -4.2274E-02  4.1726E-02  3.5563E-05  4.2131E-05  2.4591E-03  2.4591E-03  2.4591E-03  2.4591E-03  2.4591E-03  2.4591E-03  2.4591E-03  2.4591E-03
   10  3.7164E-08  5.1599E-08  9.0507E-02 -9.3173E-02 -1.3201E-01  1.3590E-01 -5.4207E-08 -7.5261E-08  7.8438E-03  7.8438E-03  7.8438E-03  7.8438E-03  7.8438E-03  7.8438E-03  7.8438E-03  7.8438E-03
    7    7      -9.000000     -13.000000
  5
0.001 -1.0918E-05  8.3155E-06  7.2875E-05 -7.4406E-05 -1.4385E-04  1.4225E-04  2.1756E-05 -1.6634E-05  7.2578E-06  7.2578E-06  7.2578E-06  7.2578E-06  7.2578E-06  7.2578E-06  7.2578E-06  7.2578E-06
 0.01 -3.0819E-05  8.8695E-06  2.3108E-04 -2.4188E-04 -4.5026E-04  4.3290E-04  6.1609E-05 -1.8356E-05  2.2855E-05  2.2855E-05  2.2855E-05  2.2855E-05  2.2855E-05  2.2855E-05  2.2855E-05  2.2855E-05
  0.1 -2.1168E-05 -2.4532E-05  7.4481E-04 -9.0052E-04 -1.3276E-03  1.5044E-03  4.5013E-05  4.8873E-05  7.6563E-05  7.6563E-05  7.6563E-05  7.6563E-05  7.6563E-05  7.6563E-05  7.6563E-05  7.6563E-05
    1  2.2343E-06  2.2997E-06  2.7818E-03 -2.7301E-03 -4.7564E-03  4.6817E-03 -5.0893E-06 -5.0490E-06  2.5501E-04  2.5501E-04  2.5501E-04  2.5501E-04  2.5501E-04  2.5501E-04  2.5501E-04  2.5501E-04
   10 -4.1532E-09 -4.5771E-09  8.6358E-03 -8.8903E-03 -1.4799E-02  1.5235E-02  9.4310E-09  1.1881E-08  8.1125E-04  8.1125E-04  8.1125E-04  8.1125E-04  8.1125E-04  8.1125E-04  8.1125E-04  8.1125E-04
    8    8      -9.000000      -9.000000
  5
0.001 -1.6276E-05  1.2434E-05  1.1056E-04 -1.1273E-04 -3.2459E-05  3.3096E-05  4.7785E-06 -3.6506E-06  4.2777E-06  4.2777E-06  4.2777E-06  4.2777E-06  4.2777E-06  4.2777E-06  4.2777E-06  4.2777E-06
 0.01 -4.5891E-05  1.3753E-05  3.4989E-04 -3.6437E-04 -1.0273E-04  1.0698E-04  1.3473E-05 -4.0378E-06  1.3686E-05  1.3686E-05  1.3686E-05  1.3686E-05  1.3686E-05  1.3686E-05  1.3686E-05  1.3686E-05
  0.1 -3.5409E-05 -3.6159E-05  1.1013E-03 -1.3952E-03 -3.2332E-04  4.0963E-04  1.0396E-05  1.0616E-05  4.8156E-05  4.8156E-05  4.8156E-05  4.8156E-05  4.8156E-05  4.8156E-05  4.8156E-05  4.8156E-05
    1  4.3155E-06  3.7127E-06  4.3766E-03 -4.2753E-03 -1.2850E-03  1.2552E-03 -1.2670E-06 -1.0900E-06  1.6576E-04  1.6576E-04  1.6576E-04  1.6576E-04  1.6576E-04  1.6576E-04  1.6576E-04  1.6576E-04
   10 -1.0131E-08 -9.7948E-09  1.3489E-02 -1.3886E-02 -3.9602E-03  4.0769E-03  2.9744E-09  2.8757E-09  5.2448E-04  5.2448E-04  5.2448E-04  5.2448E-04  5.2448E-04  5.2448E-04  5.2448E-04  5.2448E-04
    9    9      -9.000000      -5.000000
  5
0.001 -7.1786E-06  5.4847E-06  7.0596E-05 -7.1920E-05 -5.8125E-06  6.1955E-06  5.9711E-07 -4.5491E-07  1.4630E-06  1.4630E-06  1.4630E-06  1.4630E-06  1.4630E-06  1.4630E-06  1.4630E-06  1.4630E-06
 0.01 -2.0189E-05  6.1304E-06  2.2307E-04 -2.3146E-04 -1.8723E-05  2.1652E-05  1.6763E-06 -4.9294E-07  4.7962E-06  4.7962E-06  4.7962E-06  4.7962E-06  4.7962E-06  4.7962E-06  4.7962E-06  4.7962E-06
  0.1 -1.6388E-05 -1.5876E-05  6.8996E-04 -9.0580E-04 -6.4400E-05  9.1559E-05  1.2824E-06  1.3342E-06  1.7851E-05  1.7851E-05  1.7851E-05  1.7851E-05  1.7851E-05  1.7851E-05  1.7851E-05  1.7851E-05
    1  2.0044E-06  1.7945E-06  2.8737E-03 -2.7972E-03 -2.8481E-04  2.7614E-04 -1.4153E-07 -1.3546E-07  6.3066E-05  6.3066E-05  6.3066E-05  6.3066E-05  6.3066E-05  6.3066E-05  6.3066E-05  6.3066E-05
   10 -1.2855E-09 -3.2810E-09  8.8094E-03 -9.0692E-03 -8.6991E-04  8.9557E-04  8.6451E-11  1.9351E-10  1.9865E-04  1.9865E-04  1.9865E-04  1.9865E-04  1.9865E-04  1.9865E-04  1.9865E-04  1.9865E-04
   10   10      -9.000000       5.000000
  5
0.001  5.7331E-05 -4.3803E-05  5.6381E-04 -5.7439E-04 -1.1726E-03  1.2499E-03 -1.2046E-04  9.1776E-05  5.8724E-05  5.8724E-05  5.8724E-05  5.8724E-05  5.8724E-05  5.8724E-05  5.8724E-05  5.8724E-05
 0.01  1.6124E-04 -4.8960E-05  1.7815E-03 -1.8485E-03 -3.7773E-03  4.3682E-03 -3.3818E-04  9.9449E-05  1.9252E-04  1.9252E-04  1.9252E-04  1.9252E-04  1.9252E-04  1.9252E-04  1.9252E-04  1.9252E-04
  0.1  1.3088E-04  1.2679E-04  5.5103E-03 -7.2341E-03 -1.2992E-02  1.8472E-02 -2.5872E-04 -2.6917E-04  7.1653E-04  7.1653E-04  7.1653E-04  7.1653E-04  7.1653E-04  7.1653E-04  7.1653E-04  7.1653E-04
    1 -1.6008E-05 -1.4332E-05  2.2951E-02 -2.2340E-02 -5.7458E-02  5.5711E-02  2.8552E-05  2.7328E-05  2.5314E-03  2.5314E-03  2.5314E-03  2.5314E-03  2.5314E-03  2.5314E-03  2.5314E-03  2.5314E-03
   10  1.0267E-08  2.6203E-08  7.0355E-02 -7.2430E-02 -1.7550E-01  1.8068E-01 -1.7441E-08 -3.9039E-08  7.9740E-03  7.9740E-03  7.9740E-03  7.9740E-03  7.9740E-03  7.9740E-03  7.9740E-03  7.9740E-03
   11   11      -9.000000       9.000000
  5
0.001  1.3174E-05 -1.0065E-05  8.9487E-05 -9.1245E-05 -2.5492E-05  2.5993E-05 -3.7529E-06  2.8671E-06  3.4106E-06  3.4106E-06  3.4106E-06  3.4106E-06  3.4106E-06  3.4106E-06  3.4106E-06  3.4106E-06
 0.01  3.7146E-05 -1.1132E-05  2.8321E-04 -2.9493E-04 -8.0678E-05  8.4017E-05 -1.0582E-05  3.1712E-06  1.0912E-05  1.0912E-05  1.0912E-05  1.0912E-05  1.0912E-05  1.0912E-05  1.0912E-05  1.0912E-05
  0.1  2.8661E-05  2.9268E-05  8.9139E-04 -1.1293E-03 -2.5393E-04  3.2171E-04 -8.1647E-06 -8.3374E-06  3.8395E-05  3.8395E-05  3.8395E-05  3.8395E-05  3.8395E-05  3.8395E-05  3.8395E-05  3.8395E-05
    1 -3.4931E-06 -3.0052E-06  3.5426E-03 -3.4606E-03 -1.0092E-03  9.8581E-04  9.9506E-07  8.5608E-07  1.3216E-04  1.3216E-04  1.3216E-04  1.3216E-04  1.3216E-04  1.3216E-04  1.3216E-04  1.3216E-04
   10  8.2003E-09  7.9281E-09  1.0918E-02 -1.1240E-02 -3.1102E-03  3.2019E-03 -2.3360E-09 -2.2585E-09  4.1817E-04  4.1817E-04  4.1817E-04  4.1817E-04  4.1817E-04  4.1817E-04  4.1817E-04  4.1817E-04
   12   12      -9.000000      13.000000
  5
0.001  4.7337E-04 -3.6052E-04  3.1595E-03 -3.2259E-03 -1.7297E-05  1.7105E-05 -2.6159E-06  2.0001E-06  1.6571E-05  1.6571E-05  1.6571E-05  1.6571E-05  1.6571E-05  1.6571E-05  1.6571E-05  1.6571E-05
 0.01  1.3362E-03 -3.8454E-04  1.0018E-02 -1.0487E-02 -5.4139E-05  5.2051E-05 -7.4079E-06  2.2072E-06  5.2183E-05  5.2183E-05  5.2183E-05  5.2183E-05  5.2183E-05  5.2183E-05  5.2183E-05  5.2183E-05
  0.1  9.1774E-04  1.0636E-03  3.2291E-02 -3.9042E-02 -1.5963E-04  1.8089E-04 -5.4124E-06 -5.8765E-06  1.7481E-04  1.7481E-04  1.7481E-04  1.7481E-04  1.7481E-04  1.7481E-04  1.7481E-04  1.7481E-04
    1 -9.6869E-05 -9.9703E-05  1.2061E-01 -1.1836E-01 -5.7190E-04  5.6293E-04  6.1193E-07  6.0710E-07  5.8225E-04  5.8225E-04  5.8225E-04  5.8225E-04  5.8225E-04  5.8225E-04  5.8225E-04  5.8225E-04
   10  1.8006E-07  1.9844E-07  3.7441E-01 -3.8544E-01 -1.7795E-03  1.8319E-03 -1.1340E-09 -1.4285E-09  1.8523E-03  1.8523E-03  1.8523E-03  1.8523E-03  1.8523E-03  1.8523E-03  1.8523E-03  1.8523E-03
   13   13      -5.000000     -13.000000
  5
0.001 -8.1242E-07  6.1766E-07  8.0358E-06 -8.4676E-06 -9.5430E-05  9.3890E-05  9.7423E-06 -7.4594E-06  1.9766E-06  1.9766E-06  1.9766E-06  1.9766E-06  1.9766E-06  1.9766E-06  1.9766E-06  1.9766E-06
 0.01 -2.2870E-06  6.4864E-07  2.5793E-05 -2.9153E-05 -2.9783E-04  2.8217E-04  2.7576E-05 -8.3643E-06  6.3186E-06  6.3186E-06  6.3186E-06  6.3186E-06  6.3186E-06  6.3186E-06  6.3186E-06  6.3186E-06
  0.1 -1.5577E-06 -1.8348E-06  8.9077E-05 -1.1678E-04 -8.5804E-04  9.8498E-04  2.1218E-05  2.1859E-05  2.1901E-05  2.1901E-05  2.1901E-05  2.1901E-05  2.1901E-05  2.1901E-05  2.1901E-05  2.1901E-05
    1  1.4953E-07  1.7387E-07  3.5695E-04 -3.4837E-04 -3.1426E-03  3.0865E-03 -2.4285E-06 -2.4950E-06  7.4111E-05  7.4111E-05  7.4111E-05  7.4111E-05  7.4111E-05  7.4111E-05  7.4111E-05  7.4111E-05
   10 -5.3386E-11 -2.0176E-10  1.1019E-03 -1.1344E-03 -9.7511E-03  1.0038E-02  8.8723E-10  3.8674E-09  2.3523E-04  2.3523E-04  2.3523E-04  2.3523E-04  2.3523E-04  2.3523E-04  2.3523E-04  2.3523E-04
   14   14      -5.000000      -9.000000
  5
0.001 -7.9341E-05  6.0446E-05  7.7233E-04 -8.2323E-04 -9.3062E-04  9.4808E-04  9.4630E-05 -7.2301E-05  6.1229E-05  6.1229E-05  6.1229E-05  6.1229E-05  6.1229E-05  6.1229E-05  6.1229E-05  6.1229E-05
 0.01 -2.2273E-04  6.5500E-05  2.4878E-03 -2.8770E-03 -2.9405E-03  3.0511E-03  2.6613E-04 -8.0813E-05  2.0073E-04  2.0073E-04  2.0073E-04  2.0073E-04  2.0073E-04  2.0073E-04  2.0073E-04  2.0073E-04
  0.1 -1.7040E-04 -1.7728E-04  8.5572E-03 -1.2166E-02 -9.0953E-03  1.1941E-02  2.1603E-04  2.0928E-04  7.4709E-04  7.4709E-04  7.4709E-04  7.4709E-04  7.4709E-04  7.4709E-04  7.4709E-04  7.4709E-04
    1  1.8805E-05  1.7999E-05  3.7844E-02 -3.6693E-02 -3.7883E-02  3.6874E-02 -2.6423E-05 -2.3656E-05  2.6394E-03  2.6394E-03  2.6394E-03  2.6394E-03  2.6394E-03  2.6394E-03  2.6394E-03  2.6394E-03
   10 -1.1487E-08 -2.5712E-08  1.1559E-01 -1.1900E-01 -1.1613E-01  1.1955E-01  1.6946E-08  4.3251E-08  8.3141E-03  8.3141E-03  8.3141E-03  8.3141E-03  8.3141E-03  8.3141E-03  8.3141E-03  8.3141E-03
   15   15      -5.000000      -5.000000
  5
0.001 -3.4686E-05  2.6407E-05  4.7624E-04 -5.1228E-04 -2.0878E-04  2.2458E-04  1.5206E-05 -1.1577E-05  2.3156E-05  2.3156E-05  2.3156E-05  2.3156E-05  2.3156E-05  2.3156E-05  2.3156E-05  2.3156E-05
 0.01 -9.6983E-05  2.8841E-05  1.5382E-03 -1.8100E-03 -6.7433E-04  7.9347E-04  4.2517E-05 -1.2643E-05  7.8635E-05  7.8635E-05  7.8635E-05  7.8635E-05  7.8635E-05  7.8635E-05  7.8635E-05  7.8635E-05
  0.1 -7.8256E-05 -7.7183E-05  5.2716E-03 -7.9719E-03 -2.3110E-03  3.4948E-03  3.4307E-05  3.3836E-05  3.1640E-04  3.1640E-04  3.1640E-04  3.1640E-04  3.1640E-04  3.1640E-04  3.1640E-04  3.1640E-04
    1  8.6281E-06  8.5038E-06  2.5127E-02 -2.4244E-02 -1.1016E-02  1.0629E-02 -3.7825E-06 -3.7280E-06  1.1559E-03  1.1559E-03  1.1559E-03  1.1559E-03  1.1559E-03  1.1559E-03  1.1559E-03  1.1559E-03
   10  1.5294E-10 -9.3528E-09  7.6156E-02 -7.8404E-02 -3.3386E-02  3.4372E-02 -6.7046E-11  4.1002E-09  3.6185E-03  3.6185E-03  3.6185E-03  3.6185E-03  3.6185E-03  3.6185E-03  3.6185E-03  3.6185E-03
   16   16      -5.000000       5.000000
  5
0.001  8.1344E-06 -6.1930E-06  1.1169E-04 -1.2014E-04 -2.2655E-05  2.4370E-05 -1.6501E-06  1.2562E-06  3.6939E-06  3.6939E-06  3.6939E-06  3.6939E-06  3.6939E-06  3.6939E-06  3.6939E-06  3.6939E-06
 0.01  2.2744E-05 -6.7636E-06  3.6073E-04 -4.2447E-04 -7.3174E-05  8.6102E-05 -4.6136E-06  1.3720E-06  1.2544E-05  1.2544E-05  1.2544E-05  1.2544E-05  1.2544E-05  1.2544E-05  1.2544E-05  1.2544E-05
  0.1  1.8352E-05  1.8101E-05  1.2363E-03 -1.8696E-03 -2.5078E-04  3.7924E-04 -3.7228E-06 -3.6717E-06  5.0474E-05  5.0474E-05  5.0474E-05  5.0474E-05  5.0474E-05  5.0474E-05  5.0474E-05  5.0474E-05
    1 -2.0234E-06 -1.9943E-06  5.8928E-03 -5.6858E-03 -1.1953E-03  1.1533E-03  4.1045E-07  4.0454E-07  1.8440E-04  1.8440E-04  1.8440E-04  1.8440E-04  1.8440E-04  1.8440E-04  1.8440E-04  1.8440E-04
   10 -3.5866E-11  2.1934E-09  1.7860E-02 -1.8387E-02 -3.6229E-03  3.7298E-03  7.2754E-12 -4.4493E-10  5.7724E-04  5.7724E-04  5.7724E-04  5.7724E-04  5.7724E-04  5.7724E-04  5.7724E-04  5.7724E-04
   17   17      -5.000000       9.000000
  5
0.001  7.7726E-07 -5.9216E-07  7.5661E-06 -8.0647E-06 -1.0906E-04  1.1111E-04 -1.1090E-05  8.4734E-06  2.0747E-06  2.0747E-06  2.0747E-06  2.0747E-06  2.0747E-06  2.0747E-06  2.0747E-06  2.0747E-06
 0.01  2.1820E-06 -6.4167E-07  2.4372E-05 -2.8185E-05 -3.4462E-04  3.5758E-04 -3.1190E-05  9.4709E-06  6.8015E-06  6.8015E-06  6.8015E-06  6.8015E-06  6.8015E-06  6.8015E-06  6.8015E-06  6.8015E-06
  0.1  1.6693E-06  1.7367E-06  8.3830E-05 -1.1918E-04 -1.0659E-03  1.3994E-03 -2.5318E-05 -2.4527E-05  2.5314E-05  2.5314E-05  2.5314E-05  2.5314E-05  2.5314E-05  2.5314E-05  2.5314E-05  2.5314E-05
    1 -1.8422E-07 -1.7633E-07  3.7073E-04 -3.5946E-04 -4.4397E-03  4.3215E-03  3.0966E-06  2.7724E-06  8.9433E-05  8.9433E-05  8.9433E-05  8.9433E-05  8.9433E-05  8.9433E-05  8.9433E-05  8.9433E-05
   10  1.1253E-10  2.5189E-10  1.1324E-03 -1.1658E-03 -1.3610E-02  1.4011E-02 -1.9860E-09 -5.0688E-09  2.8171E-04  2.8171E-04  2.8171E-04  2.8171E-04  2.8171E-04  2.8171E-04  2.8171E-04  2.8171E-04
   18   18      -5.000000      13.000000
  5
0.001  4.1084E-06 -3.1236E-06  4.0638E-05 -4.2821E-05 -8.5273E-05  8.3896E-05 -8.7054E-06  6.6654E-06  4.2018E-06  4.2018E-06  4.2018E-06  4.2018E-06  4.2018E-06  4.2018E-06  4.2018E-06  4.2018E-06
 0.01  1.1565E-05 -3.2802E-06  1.3043E-04 -1.4743E-04 -2.6613E-04  2.5214E-04 -2.4641E-05  7.4740E-06  1.3432E-05  1.3432E-05  1.3432E-05  1.3432E-05  1.3432E-05  1.3432E-05  1.3432E-05  1.3432E-05
  0.1  7.8772E-06  9.2788E-06  4.5047E-04 -5.9056E-04 -7.6671E-04  8.8014E-04 -1.8959E-05 -1.9532E-05  4.6556E-05  4.6556E-05  4.6556E-05  4.6556E-05  4.6556E-05  4.6556E-05  4.6556E-05  4.6556E-05
    1 -7.5616E-07 -8.7929E-07  1.8051E-03 -1.7617E-03 -2.8081E-03  2.7579E-03  2.1700E-06  2.2294E-06  1.5754E-04  1.5754E-04  1.5754E-04  1.5754E-04  1.5754E-04  1.5754E-04  1.5754E-04  1.5754E-04
   10  2.6998E-10  1.0203E-09  5.5725E-03 -5.7367E-03 -8.7132E-03  8.9699E-03 -7.9279E-10 -3.4558E-09  5.0003E-04  5.0003E-04  5.0003E-04  5.0003E-04  5.0003E-04  5.0003E-04  5.0003E-04  5.0003E-04
   19   19       5.000000     -13.000000
  5
0.001  1.3562E-04 -1.0311E-04  1.3415E-03 -1.4136E-03 -5.4485E-04  5.3605E-04 -5.5622E-05  4.2588E-05  6.1023E-05  6.1023E-05  6.1023E-05  6.1023E-05  6.1023E-05  6.1023E-05  6.1023E-05  6.1023E-05
 0.01  3.8178E-04 -1.0828E-04  4.3058E-03 -4.8668E-03 -1.7004E-03  1.6110E-03 -1.5744E-04  4.7755E-05  1.9507E-04  1.9507E-04  1.9507E-04  1.9507E-04  1.9507E-04  1.9507E-04  1.9507E-04  1.9507E-04
  0.1  2.6003E-04  3.0630E-04  1.4870E-02 -1.9495E-02 -4.8988E-03  5.6236E-03 -1.2114E-04 -1.2480E-04  6.7614E-04  6.7614E-04  6.7614E-04  6.7614E-04  6.7614E-04  6.7614E-04  6.7614E-04  6.7614E-04
    1 -2.4962E-05 -2.9026E-05  5.9588E-02 -5.8156E-02 -1.7942E-02  1.7622E-02  1.3865E-05  1.4245E-05  2.2880E-03  2.2880E-03  2.2880E-03  2.2880E-03  2.2880E-03  2.2880E-03  2.2880E-03  2.2880E-03
   10  8.9122E-09  3.3682E-08  1.8395E-01 -1.8937E-01 -5.5673E-02  5.7313E-02 -5.0655E-09 -2.2081E-08  7.2620E-03  7.2620E-03  7.2620E-03  7.2620E-03  7.2620E-03  7.2620E-03  7.2620E-03  7.2620E-03
   20   20       5.000000      -9.000000
  5
0.001  2.1152E-04 -1.6114E-04  2.0590E-03 -2.1946E-03 -6.8074E-04  6.9351E-04 -6.9221E-05  5.2888E-05  8.5504E-05  8.5504E-05  8.5504E-05  8.5504E-05  8.5504E-05  8.5504E-05  8.5504E-05  8.5504E-05
 0.01  5.9378E-04 -1.7462E-04  6.6323E-03 -7.6699E-03 -2.1510E-03  2.2319E-03 -1.9468E-04  5.9114E-05  2.8031E-04  2.8031E-04  2.8031E-04  2.8031E-04  2.8031E-04  2.8031E-04  2.8031E-04  2.8031E-04
  0.1  4.5426E-04  4.7262E-04  2.2812E-02 -3.2433E-02 -6.6531E-03  8.7344E-03 -1.5802E-04 -1.5309E-04  1.0433E-03  1.0433E-03  1.0433E-03  1.0433E-03  1.0433E-03  1.0433E-03  1.0433E-03  1.0433E-03
    1 -5.0133E-05 -4.7983E-05  1.0089E-01 -9.7819E-02 -2.7711E-02  2.6973E-02  1.9328E-05  1.7304E-05  3.6858E-03  3.6858E-03  3.6858E-03  3.6858E-03  3.6858E-03  3.6858E-03  3.6858E-03  3.6858E-03
   10  3.0623E-08  6.8546E-08  3.0815E-01 -3.1724E-01 -8.4947E-02  8.7452E-02 -1.2396E-08 -3.1638E-08  1.1610E-02  1.1610E-02  1.1610E-02  1.1610E-02  1.1610E-02  1.1610E-02  1.1610E-02  1.1610E-02
   21   21       5.000000      -5.000000
  5
0.001  1.0101E-04 -7.6904E-05  1.3869E-03 -1.4919E-03 -1.4737E-03  1.5852E-03 -1.0733E-04  8.1716E-05  1.0499E-04  1.0499E-04  1.0499E-04  1.0499E-04  1.0499E-04  1.0499E-04  1.0499E-04  1.0499E-04
 0.01  2.8244E-04 -8.3991E-05  4.4796E-03 -5.2710E-03 -4.7599E-03  5.6008E-03 -3.0011E-04  8.9246E-05  3.5653E-04  3.5653E-04  3.5653E-04  3.5653E-04  3.5653E-04  3.5653E-04  3.5653E-04  3.5653E-04
  0.1  2.2790E-04  2.2478E-04  1.5352E-02 -2.3216E-02 -1.6313E-02  2.4669E-02 -2.4216E-04 -2.3884E-04  1.4345E-03  1.4345E-03  1.4345E-03  1.4345E-03  1.4345E-03  1.4345E-03  1.4345E-03  1.4345E-03
    1 -2.5127E-05 -2.4765E-05  7.3177E-02 -7.0606E-02 -7.7756E-02  7.5024E-02  2.6699E-05  2.6315E-05  5.2410E-03  5.2410E-03  5.2410E-03  5.2410E-03  5.2410E-03  5.2410E-03  5.2410E-03  5.2410E-03
   10 -4.4539E-10  2.7238E-08  2.2179E-01 -2.2833E-01 -2.3566E-01  2.4262E-01  4.7326E-10 -2.8942E-08  1.6406E-02  1.6406E-02  1.6406E-02  1.6406E-02  1.6406E-02  1.6406E-02  1.6406E-02  1.6406E-02
   22   22       5.000000       5.000000
  5
0.001 -3.4665E-07  2.6392E-07  4.7596E-06 -5.1198E-06 -1.0617E-04  1.1420E-04  7.7323E-06 -5.8869E-06  1.6507E-06  1.6507E-06  1.6507E-06  1.6507E-06  1.6507E-06  1.6507E-06  1.6507E-06  1.6507E-06
 0.01 -9.6926E-07  2.8823E-07  1.5373E-05 -1.8089E-05 -3.4290E-04  4.0349E-04  2.1620E-05 -6.4293E-06  5.6058E-06  5.6058E-06  5.6058E-06  5.6058E-06  5.6058E-06  5.6058E-06  5.6058E-06  5.6058E-06
  0.1 -7.8210E-07 -7.7137E-07  5.2685E-05 -7.9672E-05 -1.1752E-03  1.7772E-03  1.7445E-05  1.7206E-05  2.2556E-05  2.2556E-05  2.2556E-05  2.2556E-05  2.2556E-05  2.2556E-05  2.2556E-05  2.2556E-05
    1  8.6230E-08  8.4988E-08  2.5112E-04 -2.4230E-04 -5.6015E-03  5.4047E-03 -1.9234E-06 -1.8957E-06  8.2405E-05  8.2405E-05  8.2405E-05  8.2405E-05  8.2405E-05  8.2405E-05  8.2405E-05  8.2405E-05
   10  1.5285E-12 -9.3473E-11  7.6111E-04 -7.8357E-04 -1.6977E-02  1.7478E-02 -3.4094E-11  2.0850E-09  2.5796E-04  2.5796E-04  2.5796E-04  2.5796E-04  2.5796E-04  2.5796E-04  2.5796E-04  2.5796E-04
   23   23       5.000000       9.000000
  5
0.001 -5.4434E-06  4.1470E-06  5.2987E-05 -5.6479E-05 -3.4144E-04  3.4784E-04  3.4719E-05 -2.6527E-05  9.7143E-06  9.7143E-06  9.7143E-06  9.7143E-06  9.7143E-06  9.7143E-06  9.7143E-06  9.7143E-06
 0.01 -1.5281E-05  4.4937E-06  1.7068E-04 -1.9738E-04 -1.0789E-03  1.1194E-03  9.7643E-05 -2.9650E-05  3.1847E-05  3.1847E-05  3.1847E-05  3.1847E-05  3.1847E-05  3.1847E-05  3.1847E-05  3.1847E-05
  0.1 -1.1691E-05 -1.2163E-05  5.8708E-04 -8.3467E-04 -3.3370E-03  4.3809E-03  7.9260E-05  7.6784E-05  1.1853E-04  1.1853E-04  1.1853E-04  1.1853E-04  1.1853E-04  1.1853E-04  1.1853E-04  1.1853E-04
    1  1.2902E-06  1.2348E-06  2.5963E-03 -2.5174E-03 -1.3899E-02  1.3529E-02 -9.6943E-06 -8.6793E-06  4.1876E-04  4.1876E-04  4.1876E-04  4.1876E-04  4.1876E-04  4.1876E-04  4.1876E-04  4.1876E-04
   10 -7.8810E-10 -1.7640E-09  7.9303E-03 -8.1642E-03 -4.2607E-02  4.3863E-02  6.2174E-09  1.5868E-08  1.3191E-03  1.3191E-03  1.3191E-03  1.3191E-03  1.3191E-03  1.3191E-03  1.3191E-03  1.3191E-03
   24   24       5.000000      13.000000
  5
0.001 -1.5595E-05  1.1856E-05  1.5425E-04 -1.6254E-04 -1.1788E-04  1.1597E-04  1.2034E-05 -9.2138E-06  9.6248E-06  9.6248E-06  9.6248E-06  9.6248E-06  9.6248E-06  9.6248E-06  9.6248E-06  9.6248E-06
 0.01 -4.3900E-05  1.2451E-05  4.9510E-04 -5.5961E-04 -3.6788E-04  3.4854E-04  3.4062E-05 -1.0332E-05  3.0767E-05  3.0767E-05  3.0767E-05  3.0767E-05  3.0767E-05  3.0767E-05  3.0767E-05  3.0767E-05
  0.1 -2.9900E-05 -3.5221E-05  1.7099E-03 -2.2417E-03 -1.0598E-03  1.2167E-03  2.6208E-05  2.7000E-05  1.0664E-04  1.0664E-04  1.0664E-04  1.0664E-04  1.0664E-04  1.0664E-04  1.0664E-04  1.0664E-04
    1  2.8703E-06  3.3376E-06  6.8519E-03 -6.6871E-03 -3.8818E-03  3.8124E-03 -2.9997E-06 -3.0818E-06  3.6087E-04  3.6087E-04  3.6087E-04  3.6087E-04  3.6087E-04  3.6087E-04  3.6087E-04  3.6087E-04
   10 -1.0248E-09 -3.8729E-09  2.1152E-02 -2.1775E-02 -1.2045E-02  1.2399E-02  1.0959E-09  4.7771E-09  1.1454E-03  1.1454E-03  1.1454E-03  1.1454E-03  1.1454E-03  1.1454E-03  1.1454E-03  1.1454E-03
   25   25       9.000000     -13.000000
  5
0.001  1.8705E-04 -1.4246E-04  1.2485E-03 -1.2747E-03 -7.1287E-04  7.0496E-04 -1.0781E-04  8.2431E-05  6.6874E-05  6.6874E-05  6.6874E-05  6.6874E-05  6.6874E-05  6.6874E-05  6.6874E-05  6.6874E-05
 0.01  5.2800E-04 -1.5195E-04  3.9588E-03 -4.1440E-03 -2.2313E-03  2.1453E-03 -3.0531E-04  9.0968E-05  2.1059E-04  2.1059E-04  2.1059E-04  2.1059E-04  2.1059E-04  2.1059E-04  2.1059E-04  2.1059E-04
  0.1  3.6264E-04  4.2028E-04  1.2760E-02 -1.5428E-02 -6.5791E-03  7.4554E-03 -2.2307E-04 -2.4220E-04  7.0546E-04  7.0546E-04  7.0546E-04  7.0546E-04  7.0546E-04  7.0546E-04  7.0546E-04  7.0546E-04
    1 -3.8278E-05 -3.9398E-05  4.7658E-02 -4.6771E-02 -2.3571E-02  2.3201E-02  2.5221E-05  2.5021E-05  2.3497E-03  2.3497E-03  2.3497E-03  2.3497E-03  2.3497E-03  2.3497E-03  2.3497E-03  2.3497E-03
   10  7.1152E-08  7.8415E-08  1.4795E-01 -1.5231E-01 -7.3340E-02  7.5500E-02 -4.6737E-08 -5.8877E-08  7.4749E-03  7.4749E-03  7.4749E-03  7.4749E-03  7.4749E-03  7.4749E-03  7.4749E-03  7.4749E-03
   26   26       9.000000      -9.000000
  5
0.001  3.9404E-05 -3.0103E-05  2.6766E-04 -2.7291E-04 -5.0579E-05  5.1572E-05 -7.4461E-06  5.6885E-06  8.3085E-06  8.3085E-06  8.3085E-06  8.3085E-06  8.3085E-06  8.3085E-06  8.3085E-06  8.3085E-06
 0.01  1.1110E-04 -3.3296E-05  8.4708E-04 -8.8214E-04 -1.6007E-04  1.6670E-04 -2.0995E-05  6.2919E-06  2.6582E-05  2.6582E-05  2.6582E-05  2.6582E-05  2.6582E-05  2.6582E-05  2.6582E-05  2.6582E-05
  0.1  8.5726E-05  8.7540E-05  2.6661E-03 -3.3778E-03 -5.0382E-04  6.3831E-04 -1.6200E-05 -1.6542E-05  9.3532E-05  9.3532E-05  9.3532E-05  9.3532E-05  9.3532E-05  9.3532E-05  9.3532E-05  9.3532E-05
    1 -1.0448E-05 -8.9884E-06  1.0596E-02 -1.0351E-02 -2.0023E-03  1.9559E-03  1.9743E-06  1.6985E-06  3.2195E-04  3.2195E-04  3.2195E-04  3.2195E-04  3.2195E-04  3.2195E-04  3.2195E-04  3.2195E-04
   10  2.4527E-08  2.3713E-08  3.2656E-02 -3.3619E-02 -6.1710E-03  6.3529E-03 -4.6349E-09 -4.4810E-09  1.0187E-03  1.0187E-03  1.0187E-03  1.0187E-03  1.0187E-03  1.0187E-03  1.0187E-03  1.0187E-03
   27   27       9.000000      -5.000000
  5
0.001  1.0286E-05 -7.8586E-06  1.0115E-04 -1.0305E-04 -2.2297E-06  2.3766E-06 -2.2905E-07  1.7451E-07  1.0846E-06  1.0846E-06  1.0846E-06  1.0846E-06  1.0846E-06  1.0846E-06  1.0846E-06  1.0846E-06
 0.01  2.8927E-05 -8.7838E-06  3.1961E-04 -3.3164E-04 -7.1822E-06  8.3058E-06 -6.4302E-07  1.8909E-07  3.5558E-06  3.5558E-06  3.5558E-06  3.5558E-06  3.5558E-06  3.5558E-06  3.5558E-06  3.5558E-06
  0.1  2.3481E-05  2.2747E-05  9.8859E-04 -1.2979E-03 -2.4704E-05  3.5122E-05 -4.9193E-07 -5.1181E-07  1.3234E-05  1.3234E-05  1.3234E-05  1.3234E-05  1.3234E-05  1.3234E-05  1.3234E-05  1.3234E-05
    1 -2.8719E-06 -2.5712E-06  4.1176E-03 -4.0079E-03 -1.0925E-04  1.0593E-04  5.4290E-08  5.1962E-08  4.6755E-05  4.6755E-05  4.6755E-05  4.6755E-05  4.6755E-05  4.6755E-05  4.6755E-05  4.6755E-05
   10  1.8419E-09  4.7010E-09  1.2622E-02 -1.2994E-02 -3.3370E-04  3.4354E-04 -3.3163E-11 -7.4230E-11  1.4728E-04  1.4728E-04  1.4728E-04  1.4728E-04  1.4728E-04  1.4728E-04  1.4728E-04  1.4728E-04
   28   28       9.000000       5.000000
  5
0.001 -1.3324E-04  1.0180E-04  1.3103E-03 -1.3349E-03 -3.2501E-04  3.4643E-04  3.3388E-05 -2.5437E-05  4.7132E-05  4.7132E-05  4.7132E-05  4.7132E-05  4.7132E-05  4.7132E-05  4.7132E-05  4.7132E-05
 0.01 -3.7473E-04  1.1379E-04  4.1404E-03 -4.2961E-03 -1.0469E-03  1.2107E-03  9.3730E-05 -2.7563E-05  1.5451E-04  1.5451E-04  1.5451E-04  1.5451E-04  1.5451E-04  1.5451E-04  1.5451E-04  1.5451E-04
  0.1 -3.0418E-04 -2.9468E-04  1.2806E-02 -1.6813E-02 -3.6010E-03  5.1196E-03  7.1707E-05  7.4604E-05  5.7508E-04  5.7508E-04  5.7508E-04  5.7508E-04  5.7508E-04  5.7508E-04  5.7508E-04  5.7508E-04
    1  3.7204E-05  3.3309E-05  5.3340E-02 -5.1920E-02 -1.5925E-02  1.5441E-02 -7.9136E-06 -7.5743E-06  2.0317E-03  2.0317E-03  2.0317E-03  2.0317E-03  2.0317E-03  2.0317E-03  2.0317E-03  2.0317E-03
   10 -2.3861E-08 -6.0898E-08  1.6351E-01 -1.6833E-01 -4.8642E-02  5.0077E-02  4.8340E-09  1.0820E-08  6.3999E-03  6.3999E-03  6.3999E-03  6.3999E-03  6.3999E-03  6.3999E-03  6.3999E-03  6.3999E-03
   29   29       9.000000       9.000000
  5
0.001 -1.8930E-05  1.4462E-05  1.2859E-04 -1.3111E-04 -2.2810E-05  2.3258E-05  3.3580E-06 -2.5654E-06  3.8673E-06  3.8673E-06  3.8673E-06  3.8673E-06  3.8673E-06  3.8673E-06  3.8673E-06  3.8673E-06
 0.01 -5.3375E-05  1.5996E-05  4.0695E-04 -4.2379E-04 -7.2190E-05  7.5177E-05  9.4683E-06 -2.8375E-06  1.2373E-05  1.2373E-05  1.2373E-05  1.2373E-05  1.2373E-05  1.2373E-05  1.2373E-05  1.2373E-05
  0.1 -4.1184E-05 -4.2055E-05  1.2809E-03 -1.6228E-03 -2.2721E-04  2.8786E-04  7.3057E-06  7.4603E-06  4.3536E-05  4.3536E-05  4.3536E-05  4.3536E-05  4.3536E-05  4.3536E-05  4.3536E-05  4.3536E-05
    1  5.0192E-06  4.3182E-06  5.0904E-03 -4.9726E-03 -9.0299E-04  8.8209E-04 -8.9037E-07 -7.6601E-07  1.4986E-04  1.4986E-04  1.4986E-04  1.4986E-04  1.4986E-04  1.4986E-04  1.4986E-04  1.4986E-04
   10 -1.1783E-08 -1.1392E-08  1.5688E-02 -1.6151E-02 -2.7830E-03  2.8650E-03  2.0902E-09  2.0209E-09  4.7417E-04  4.7417E-04  4.7417E-04  4.7417E-04  4.7417E-04  4.7417E-04  4.7417E-04  4.7417E-04
   30   30       9.000000      13.000000
  5
0.001 -1.8752E-04  1.4282E-04  1.2516E-03 -1.2779E-03 -1.2231E-03  1.2095E-03  1.8498E-04 -1.4143E-04  8.7705E-05  8.7705E-05  8.7705E-05  8.7705E-05  8.7705E-05  8.7705E-05  8.7705E-05  8.7705E-05
 0.01 -5.2932E-04  1.5233E-04  3.9687E-03 -4.1543E-03 -3.8283E-03  3.6807E-03  5.2383E-04 -1.5608E-04  2.7619E-04  2.7619E-04  2.7619E-04  2.7619E-04  2.7619E-04  2.7619E-04  2.7619E-04  2.7619E-04
  0.1 -3.6355E-04 -4.2133E-04  1.2792E-02 -1.5466E-02 -1.1288E-02  1.2791E-02  3.8272E-04  4.1554E-04  9.2521E-04  9.2521E-04  9.2521E-04  9.2521E-04  9.2521E-04  9.2521E-04  9.2521E-04  9.2521E-04
    1  3.8374E-05  3.9497E-05  4.7777E-02 -4.6888E-02 -4.0441E-02  3.9806E-02 -4.3271E-05 -4.2929E-05  3.0816E-03  3.0816E-03  3.0816E-03  3.0816E-03  3.0816E-03  3.0816E-03  3.0816E-03  3.0816E-03
   10 -7.1330E-08 -7.8611E-08  1.4832E-01 -1.5269E-01 -1.2583E-01  1.2954E-01  8.0187E-08  1.0102E-07  9.8033E-03  9.8033E-03  9.8033E-03  9.8033E-03  9.8033E-03  9.8033E-03  9.8033E-03  9.8033E-03
   31   31      13.000000     -13.000000
  5
0.001  2.1019E-04 -1.5997E-04  1.3170E-03 -1.3121E-03 -5.6593E-03  5.6385E-03 -9.0319E-04  6.8742E-04  1.9269E-04  1.9269E-04  1.9269E-04  1.9269E-04  1.9269E-04  1.9269E-04  1.9269E-04  1.9269E-04
 0.01  5.9446E-04 -1.6909E-04  4.1389E-03 -4.0640E-03 -1.7785E-02  1.7464E-02 -2.5545E-03  7.2658E-04  6.0122E-04  6.0122E-04  6.0122E-04  6.0122E-04  6.0122E-04  6.0122E-04  6.0122E-04  6.0122E-04
  0.1  3.8532E-04  4.7493E-04  1.2612E-02 -1.4059E-02 -5.4194E-02  6.0414E-02 -1.6558E-03 -2.0408E-03  1.9576E-03  1.9576E-03  1.9576E-03  1.9576E-03  1.9576E-03  1.9576E-03  1.9576E-03  1.9576E-03
    1 -3.6929E-05 -4.3749E-05  4.3898E-02 -4.3328E-02 -1.8863E-01  1.8619E-01  1.5869E-04  1.8799E-04  6.3929E-03  6.3929E-03  6.3929E-03  6.3929E-03  6.3929E-03  6.3929E-03  6.3929E-03  6.3929E-03
   10  5.6289E-08  7.8152E-08  1.3708E-01 -1.4112E-01 -5.8906E-01  6.0641E-01 -2.4188E-07 -3.3583E-07  2.0391E-02  2.0391E-02  2.0391E-02  2.0391E-02  2.0391E-02  2.0391E-02  2.0391E-02  2.0391E-02
   32   32      13.000000      -9.000000
  5
0.001  6.1451E-06 -4.6984E-06  4.0632E-05 -4.0181E-05 -5.4499E-04  5.5644E-04 -8.1653E-05  6.2187E-05  1.0548E-05  1.0548E-05  1.0548E-05  1.0548E-05  1.0548E-05  1.0548E-05  1.0548E-05  1.0548E-05
 0.01  1.7402E-05 -5.1849E-06  1.2718E-04 -1.2227E-04 -1.7281E-03  1.8089E-03 -2.3048E-04  6.6330E-05  3.3218E-05  3.3218E-05  3.3218E-05  3.3218E-05  3.3218E-05  3.3218E-05  3.3218E-05  3.3218E-05
  0.1  1.2714E-05  1.3805E-05  3.7499E-04 -4.2494E-04 -5.5700E-03  6.7345E-03 -1.5830E-04 -1.8346E-04  1.1128E-04  1.1128E-04  1.1128E-04  1.1128E-04  1.1128E-04  1.1128E-04  1.1128E-04  1.1128E-04
    1 -1.4375E-06 -1.4261E-06  1.3435E-03 -1.3224E-03 -2.0804E-02  2.0417E-02  1.6709E-05  1.7198E-05  3.7063E-04  3.7063E-04  3.7063E-04  3.7063E-04  3.7063E-04  3.7063E-04  3.7063E-04  3.7063E-04
   10  2.6639E-09  3.3558E-09  4.1802E-03 -4.3033E-03 -6.4583E-02  6.6485E-02 -3.1059E-08 -3.4230E-08  1.1791E-03  1.1791E-03  1.1791E-03  1.1791E-03  1.1791E-03  1.1791E-03  1.1791E-03  1.1791E-03
   33   33      13.000000      -5.000000
  5
0.001  6.2072E-04 -4.7526E-04  6.0802E-03 -5.9821E-03 -3.7489E-03  3.9503E-03 -3.7901E-04  2.8815E-04  3.4078E-04  3.4078E-04  3.4078E-04  3.4078E-04  3.4078E-04  3.4078E-04  3.4078E-04  3.4078E-04
 0.01  1.7570E-03 -5.3292E-04  1.8976E-02 -1.7978E-02 -1.2033E-02  1.3601E-02 -1.0669E-03  3.0261E-04  1.0894E-03  1.0894E-03  1.0894E-03  1.0894E-03  1.0894E-03  1.0894E-03  1.0894E-03  1.0894E-03
  0.1  1.3519E-03  1.3927E-03  5.4669E-02 -6.2757E-02 -4.1557E-02  5.4480E-02 -7.2668E-04 -8.5599E-04  3.7759E-03  3.7759E-03  3.7759E-03  3.7759E-03  3.7759E-03  3.7759E-03  3.7759E-03  3.7759E-03
    1 -1.5473E-04 -1.5896E-04  2.0023E-01 -1.9665E-01 -1.6652E-01  1.6252E-01  6.9758E-05  8.1116E-05  1.2777E-02  1.2777E-02  1.2777E-02  1.2777E-02  1.2777E-02  1.2777E-02  1.2777E-02  1.2777E-02
   10  5.6529E-08  2.4641E-07  6.2128E-01 -6.3958E-01 -5.1407E-01  5.2922E-01 -2.4906E-08 -9.4126E-08  4.0554E-02  4.0554E-02  4.0554E-02  4.0554E-02  4.0554E-02  4.0554E-02  4.0554E-02  4.0554E-02
   34   34      13.000000       5.000000
  5
0.001 -7.7319E-06  5.9201E-06  7.5737E-05 -7.4515E-05 -3.2348E-05  3.4086E-05  3.2704E-06 -2.4864E-06  3.5330E-06  3.5330E-06  3.5330E-06  3.5330E-06  3.5330E-06  3.5330E-06  3.5330E-06  3.5330E-06
 0.01 -2.1886E-05  6.6382E-06  2.3637E-04 -2.2394E-04 -1.0383E-04  1.1736E-04  9.2062E-06 -2.6111E-06  1.1294E-05  1.1294E-05  1.1294E-05  1.1294E-05  1.1294E-05  1.1294E-05  1.1294E-05  1.1294E-05
  0.1 -1.6839E-05 -1.7348E-05  6.8097E-04 -7.8172E-04 -3.5858E-04  4.7010E-04  6.2704E-06  7.3862E-06  3.9146E-05  3.9146E-05  3.9146E-05  3.9146E-05  3.9146E-05  3.9146E-05  3.9146E-05  3.9146E-05
    1  1.9274E-06  1.9801E-06  2.4941E-03 -2.4495E-03 -1.4369E-03  1.4024E-03 -6.0193E-07 -6.9993E-07  1.3247E-04  1.3247E-04  1.3247E-04  1.3247E-04  1.3247E-04  1.3247E-04  1.3247E-04  1.3247E-04
   10 -7.0414E-10 -3.0694E-09  7.7389E-03 -7.9669E-03 -4.4358E-03  4.5666E-03  2.1491E-10  8.1219E-10  4.2044E-04  4.2044E-04  4.2044E-04  4.2044E-04  4.2044E-04  4.2044E-04  4.2044E-04  4.2044E-04
   35   35      13.000000       9.000000
  5
0.001 -1.9919E-04  1.5230E-04  1.3171E-03 -1.3025E-03 -5.8298E-04  5.9522E-04  8.7343E-05 -6.6521E-05  6.2115E-05  6.2115E-05  6.2115E-05  6.2115E-05  6.2115E-05  6.2115E-05  6.2115E-05  6.2115E-05
 0.01 -5.6409E-04  1.6807E-04  4.1225E-03 -3.9636E-03 -1.8485E-03  1.9350E-03  2.4654E-04 -7.0953E-05  1.9560E-04  1.9560E-04  1.9560E-04  1.9560E-04  1.9560E-04  1.9560E-04  1.9560E-04  1.9560E-04
  0.1 -4.1214E-04 -4.4748E-04  1.2155E-02 -1.3775E-02 -5.9582E-03  7.2038E-03  1.6933E-04  1.9625E-04  6.5525E-04  6.5525E-04  6.5525E-04  6.5525E-04  6.5525E-04  6.5525E-04  6.5525E-04  6.5525E-04
    1  4.6597E-05  4.6229E-05  4.3549E-02 -4.2866E-02 -2.2253E-02  2.1839E-02 -1.7874E-05 -1.8397E-05  2.1825E-03  2.1825E-03  2.1825E-03  2.1825E-03  2.1825E-03  2.1825E-03  2.1825E-03  2.1825E-03
   10 -8.6350E-08 -1.0878E-07  1.3550E-01 -1.3949E-01 -6.9084E-02  7.1119E-02  3.3224E-08  3.6615E-08  6.9429E-03  6.9429E-03  6.9429E-03  6.9429E-03  6.9429E-03  6.9429E-03  6.9429E-03  6.9429E-03
   36   36      13.000000      13.000000
  5
0.001 -1.8403E-05  1.4006E-05  1.1531E-04 -1.1489E-04 -1.7222E-04  1.7159E-04  2.7486E-05 -2.0920E-05  9.9464E-06  9.9464E-06  9.9464E-06  9.9464E-06  9.9464E-06  9.9464E-06  9.9464E-06  9.9464E-06
 0.01 -5.2049E-05  1.4805E-05  3.6238E-04 -3.5583E-04 -5.4125E-04  5.3146E-04  7.7738E-05 -2.2112E-05  3.1034E-05  3.1034E-05  3.1034E-05  3.1034E-05  3.1034E-05  3.1034E-05  3.1034E-05  3.1034E-05
  0.1 -3.3737E-05 -4.1583E-05  1.1042E-03 -1.2310E-03 -1.6492E-03  1.8385E-03  5.0389E-05  6.2107E-05  1.0105E-04  1.0105E-04  1.0105E-04  1.0105E-04  1.0105E-04  1.0105E-04  1.0105E-04  1.0105E-04
    1  3.2333E-06  3.8304E-06  3.8435E-03 -3.7936E-03 -5.7405E-03  5.6661E-03 -4.8292E-06 -5.7210E-06  3.3000E-04  3.3000E-04  3.3000E-04  3.3000E-04  3.3000E-04  3.3000E-04  3.3000E-04  3.3000E-04
   10 -4.9284E-09 -6.8427E-09  1.2002E-02 -1.2356E-02 -1.7926E-02  1.8454E-02  7.3609E-09  1.0220E-08  1.0526E-03  1.0526E-03  1.0526E-03  1.0526E-03  1.0526E-03  1.0526E-03  1.0526E-03  1.0526E-03
END
