PT     37
1      1           -13         -13
4
0.001  -1.012E+00  -3.642E-02  -4.442E-02  -9.987E-01  5.026E-02   5.026E-02   5.026E-02   5.026E-02
0.01   -1.034E+00  -9.728E-02  -1.191E-01  -9.951E-01  5.072E-02   5.072E-02   5.072E-02   5.072E-02
0.1    -1.256E+00  -6.141E-02  -9.866E-02  -1.175E+00  6.074E-02   6.074E-02   6.074E-02   6.074E-02
1      -1.301E+00  -7.916E-03  -1.815E-02  -1.152E+00  6.123E-02   6.123E-02   6.123E-02   6.123E-02
2      2           -13         -9
4
0.001  -1.043E+00  -3.621E-02  -4.724E-02  -9.913E-01  5.083E-02   5.083E-02   5.083E-02   5.083E-02
0.01   -1.120E+00  -9.917E-02  -1.273E-01  -9.777E-01  5.232E-02   5.232E-02   5.232E-02   5.232E-02
0.1    -1.434E+00  -1.040E-01  -1.430E-01  -1.238E+00  6.662E-02   6.662E-02   6.662E-02   6.662E-02
1      -1.533E+00  -1.626E-01  -1.376E-01  -1.356E+00  7.209E-02   7.209E-02   7.209E-02   7.209E-02
3      3           -13         -5
4
0.001  -1.072E+00  -1.275E-02  -2.900E-02  -9.777E-01  5.119E-02   5.119E-02   5.119E-02   5.119E-02
0.01   -1.192E+00  -3.314E-02  -7.686E-02  -9.381E-01  5.287E-02   5.287E-02   5.287E-02   5.287E-02
0.1    -1.485E+00  -1.306E-02  -8.632E-02  -1.201E+00  6.676E-02   6.676E-02   6.676E-02   6.676E-02
1      -1.292E+00  1.993E-02   -1.011E-02  -1.219E+00  6.274E-02   6.274E-02   6.274E-02   6.274E-02
4      4           -13         5
4
0.001  -1.060E+00  2.388E-02   3.506E-02   -9.855E-01  5.110E-02   5.110E-02   5.110E-02   5.110E-02
0.01   -1.156E+00  6.239E-02   9.734E-02   -9.617E-01  5.272E-02   5.272E-02   5.272E-02   5.272E-02
0.1    -1.426E+00  3.464E-02   8.551E-02   -1.241E+00  6.653E-02   6.653E-02   6.653E-02   6.653E-02
1      -1.235E+00  -1.618E-02  2.069E-02   -1.223E+00  6.146E-02   6.146E-02   6.146E-02   6.146E-02
5      5           -13         9
4
0.001  -1.020E+00  3.365E-02   3.511E-02   -9.873E-01  5.017E-02   5.017E-02   5.017E-02   5.017E-02
0.01   -1.049E+00  8.996E-02   9.724E-02   -9.655E-01  5.033E-02   5.033E-02   5.033E-02   5.033E-02
0.1    -1.254E+00  6.085E-02   3.992E-02   -1.185E+00  6.094E-02   6.094E-02   6.094E-02   6.094E-02
1      -1.172E+00  8.202E-03   -1.149E-01  -1.192E+00  5.908E-02   5.908E-02   5.908E-02   5.908E-02
6      6           -13         13
4
0.001  -1.003E+00  3.563E-02   4.070E-02   -1.001E+00  5.010E-02   5.010E-02   5.010E-02   5.010E-02
0.01   -1.005E+00  9.594E-02   1.170E-01   -1.002E+00  5.018E-02   5.018E-02   5.018E-02   5.018E-02
0.1    -1.178E+00  5.705E-02   9.749E-02   -1.185E+00  5.907E-02   5.907E-02   5.907E-02   5.907E-02
1      -1.165E+00  1.020E-02   4.339E-02   -1.178E+00  5.856E-02   5.856E-02   5.856E-02   5.856E-02
7      7           -9          -13
4
0.001  -1.007E+00  -3.530E-02  -4.187E-02  -1.023E+00  5.075E-02   5.075E-02   5.075E-02   5.075E-02
0.01   -1.023E+00  -9.395E-02  -1.112E-01  -1.061E+00  5.210E-02   5.210E-02   5.210E-02   5.210E-02
0.1    -1.323E+00  -6.881E-02  -8.393E-02  -1.302E+00  6.563E-02   6.563E-02   6.563E-02   6.563E-02
1      -1.427E+00  -1.870E-02  1.276E-02   -1.206E+00  6.559E-02   6.559E-02   6.559E-02   6.559E-02
8      8           -9          -9
4
0.001  -1.038E+00  -2.400E-02  -4.383E-02  -1.017E+00  5.136E-02   5.136E-02   5.136E-02   5.136E-02
0.01   -1.104E+00  -6.296E-02  -1.136E-01  -1.045E+00  5.370E-02   5.370E-02   5.370E-02   5.370E-02
0.1    -1.473E+00  -2.533E-02  -1.016E-01  -1.379E+00  7.127E-02   7.127E-02   7.127E-02   7.127E-02
1      -1.369E+00  -9.664E-03  -1.549E-02  -1.277E+00  6.612E-02   6.612E-02   6.612E-02   6.612E-02
9      9           -9          -5
4
0.001  -1.085E+00  -8.153E-03  -2.519E-02  -1.017E+00  5.252E-02   5.252E-02   5.252E-02   5.252E-02
0.01   -1.224E+00  -1.685E-02  -6.055E-02  -1.045E+00  5.656E-02   5.656E-02   5.656E-02   5.656E-02
0.1    -1.663E+00  5.755E-02   -1.852E-02  -1.451E+00  7.768E-02   7.768E-02   7.768E-02   7.768E-02
1      -1.432E+00  1.443E-01   7.975E-02   -1.278E+00  6.765E-02   6.765E-02   6.765E-02   6.765E-02
10     10          -9          5
4
0.001  -1.069E+00  3.653E-02   3.811E-02   -1.013E+00  5.202E-02   5.202E-02   5.202E-02   5.202E-02
0.01   -1.175E+00  9.187E-02   1.018E-01   -1.032E+00  5.505E-02   5.505E-02   5.505E-02   5.505E-02
0.1    -1.536E+00  7.158E-02   8.787E-02   -1.363E+00  7.235E-02   7.235E-02   7.235E-02   7.235E-02
1      -1.226E+00  -3.581E-02  1.395E-03   -1.118E+00  5.855E-02   5.855E-02   5.855E-02   5.855E-02
11     11          -9          9
4
0.001  -1.024E+00  4.377E-02   4.520E-02   -1.020E+00  5.110E-02   5.110E-02   5.110E-02   5.110E-02
0.01   -1.061E+00  1.148E-01   1.236E-01   -1.051E+00  5.280E-02   5.280E-02   5.280E-02   5.280E-02
0.1    -1.357E+00  9.338E-02   1.093E-01   -1.327E+00  6.709E-02   6.709E-02   6.709E-02   6.709E-02
1      -1.206E+00  1.133E-02   2.674E-02   -1.147E+00  5.882E-02   5.882E-02   5.882E-02   5.882E-02
12     12          -9          13
4
0.001  -1.001E+00  4.254E-02   3.923E-02   -1.025E+00  5.065E-02   5.065E-02   5.065E-02   5.065E-02
0.01   -1.002E+00  1.167E-01   1.115E-01   -1.071E+00  5.178E-02   5.178E-02   5.178E-02   5.178E-02
0.1    -1.265E+00  1.076E-01   1.019E-01   -1.302E+00  6.419E-02   6.419E-02   6.419E-02   6.419E-02
1      -1.291E+00  8.535E-02   5.192E-02   -1.242E+00  6.333E-02   6.333E-02   6.333E-02   6.333E-02
13     13          -5          -13
4
0.001  -9.920E-01  -2.632E-02  -2.831E-02  -1.058E+00  5.122E-02   5.122E-02   5.122E-02   5.122E-02
0.01   -9.811E-01  -6.874E-02  -7.351E-02  -1.151E+00  5.313E-02   5.313E-02   5.313E-02   5.313E-02
0.1    -1.267E+00  -4.345E-02  -5.298E-02  -1.407E+00  6.678E-02   6.678E-02   6.678E-02   6.678E-02
1      -1.219E+00  1.820E-02   2.354E-02   -1.146E+00  5.909E-02   5.909E-02   5.909E-02   5.909E-02
14     14          -5          -9
4
0.001  -1.027E+00  -2.857E-02  -3.346E-02  -1.065E+00  5.227E-02   5.227E-02   5.227E-02   5.227E-02
0.01   -1.073E+00  -7.147E-02  -8.403E-02  -1.166E+00  5.594E-02   5.594E-02   5.594E-02   5.594E-02
0.1    -1.475E+00  -4.385E-02  -6.308E-02  -1.554E+00  7.571E-02   7.571E-02   7.571E-02   7.571E-02
1      -1.296E+00  2.907E-02   1.062E-02   -1.217E+00  6.279E-02   6.279E-02   6.279E-02   6.279E-02
15     15          -5          -5
4
0.001  -1.084E+00  -1.606E-02  -1.925E-02  -1.078E+00  5.404E-02   5.404E-02   5.404E-02   5.404E-02
0.01   -1.215E+00  -3.843E-02  -4.459E-02  -1.197E+00  6.028E-02   6.028E-02   6.028E-02   6.028E-02
0.1    -1.689E+00  -2.750E-02  -3.739E-02  -1.671E+00  8.401E-02   8.401E-02   8.401E-02   8.401E-02
1      -1.254E+00  -5.372E-03  -6.474E-03  -1.199E+00  6.130E-02   6.130E-02   6.130E-02   6.130E-02
16     16          -5          5
4
0.001  -1.081E+00  2.873E-02   2.927E-02   -1.068E+00  5.372E-02   5.372E-02   5.372E-02   5.372E-02
0.01   -1.207E+00  7.005E-02   7.470E-02   -1.172E+00  5.945E-02   5.945E-02   5.945E-02   5.945E-02
0.1    -1.693E+00  4.256E-02   5.225E-02   -1.615E+00  8.269E-02   8.269E-02   8.269E-02   8.269E-02
1      -1.290E+00  -2.522E-02  -2.632E-02  -1.183E+00  6.177E-02   6.177E-02   6.177E-02   6.177E-02
17     17          -5          9
4
0.001  -1.025E+00  3.507E-02   3.110E-02   -1.058E+00  5.207E-02   5.207E-02   5.207E-02   5.207E-02
0.01   -1.070E+00  9.050E-02   8.479E-02   -1.149E+00  5.544E-02   5.544E-02   5.544E-02   5.544E-02
0.1    -1.491E+00  8.038E-02   6.554E-02   -1.480E+00  7.427E-02   7.427E-02   7.427E-02   7.427E-02
1      -1.433E+00  3.428E-02   1.062E-02   -1.151E+00  6.421E-02   6.421E-02   6.421E-02   6.421E-02
18     18          -5          13
4
0.001  -9.889E-01  3.370E-02   2.306E-02   -1.053E+00  5.102E-02   5.102E-02   5.102E-02   5.102E-02
0.01   -9.708E-01  9.240E-02   6.762E-02   -1.143E+00  5.266E-02   5.266E-02   5.266E-02   5.266E-02
0.1    -1.279E+00  9.878E-02   4.874E-02   -1.416E+00  6.728E-02   6.728E-02   6.728E-02   6.728E-02
1      -1.381E+00  7.907E-02   -3.093E-03  -1.265E+00  6.609E-02   6.609E-02   6.609E-02   6.609E-02
19     19          5           -13
4
0.001  -9.913E-01  3.141E-02   2.040E-02   -1.067E+00  5.143E-02   5.143E-02   5.143E-02   5.143E-02
0.01   -9.803E-01  8.189E-02   5.475E-02   -1.176E+00  5.368E-02   5.368E-02   5.368E-02   5.368E-02
0.1    -1.275E+00  5.606E-02   3.314E-02   -1.445E+00  6.786E-02   6.786E-02   6.786E-02   6.786E-02
1      -1.257E+00  -1.430E-02  7.956E-03   -1.190E+00  6.116E-02   6.116E-02   6.116E-02   6.116E-02
20     20          5           -9
4
0.001  -1.039E+00  2.483E-02   2.838E-02   -1.073E+00  5.281E-02   5.281E-02   5.281E-02   5.281E-02
0.01   -1.105E+00  6.213E-02   7.052E-02   -1.187E+00  5.728E-02   5.728E-02   5.728E-02   5.728E-02
0.1    -1.529E+00  2.116E-02   3.756E-02   -1.599E+00  7.819E-02   7.819E-02   7.819E-02   7.819E-02
1      -1.213E+00  -5.641E-02  -4.174E-02  -1.195E+00  6.019E-02   6.019E-02   6.019E-02   6.019E-02
21     21          5           -5
4
0.001  -1.096E+00  2.216E-02   2.451E-02   -1.088E+00  5.461E-02   5.461E-02   5.461E-02   5.461E-02
0.01   -1.239E+00  5.614E-02   5.859E-02   -1.223E+00  6.155E-02   6.155E-02   6.155E-02   6.155E-02
0.1    -1.706E+00  6.683E-02   3.493E-02   -1.752E+00  8.646E-02   8.646E-02   8.646E-02   8.646E-02
1      -1.174E+00  6.436E-02   -4.400E-02  -1.288E+00  6.148E-02   6.148E-02   6.148E-02   6.148E-02
22     22          5           5
4
0.001  -1.071E+00  -3.487E-02  -2.639E-02  -1.081E+00  5.380E-02   5.380E-02   5.380E-02   5.380E-02
0.01   -1.181E+00  -8.585E-02  -6.053E-02  -1.203E+00  5.961E-02   5.961E-02   5.961E-02   5.961E-02
0.1    -1.643E+00  -8.215E-02  -5.560E-02  -1.661E+00  8.260E-02   8.260E-02   8.260E-02   8.260E-02
1      -1.259E+00  -2.174E-02  8.060E-03   -1.231E+00  6.225E-02   6.225E-02   6.225E-02   6.225E-02
23     23          5           9
4
0.001  -1.021E+00  -3.281E-02  -2.214E-02  -1.085E+00  5.262E-02   5.262E-02   5.262E-02   5.262E-02
0.01   -1.054E+00  -8.231E-02  -5.314E-02  -1.214E+00  5.657E-02   5.657E-02   5.657E-02   5.657E-02
0.1    -1.437E+00  -6.941E-02  -4.275E-02  -1.570E+00  7.509E-02   7.509E-02   7.509E-02   7.509E-02
1      -1.259E+00  3.327E-02   -1.943E-02  -1.192E+00  6.126E-02   6.126E-02   6.126E-02   6.126E-02
24     24          5           13
4
0.001  -9.896E-01  -2.582E-02  -1.695E-02  -1.062E+00  5.126E-02   5.126E-02   5.126E-02   5.126E-02
0.01   -9.736E-01  -6.386E-02  -3.740E-02  -1.165E+00  5.326E-02   5.326E-02   5.326E-02   5.326E-02
0.1    -1.278E+00  1.467E-03   5.565E-03   -1.448E+00  6.802E-02   6.802E-02   6.802E-02   6.802E-02
1      -1.333E+00  1.668E-01   7.323E-02   -1.332E+00  6.662E-02   6.662E-02   6.662E-02   6.662E-02
25     25          9           -13
4
0.001  -1.000E+00  4.093E-02   3.349E-02   -1.037E+00  5.091E-02   5.091E-02   5.091E-02   5.091E-02
0.01   -1.004E+00  1.080E-01   8.998E-02   -1.097E+00  5.246E-02   5.246E-02   5.246E-02   5.246E-02
0.1    -1.269E+00  7.673E-02   4.826E-02   -1.345E+00  6.533E-02   6.533E-02   6.533E-02   6.533E-02
1      -1.299E+00  -3.045E-03  -2.188E-02  -1.207E+00  6.260E-02   6.260E-02   6.260E-02   6.260E-02
26     26          9           -9
4
0.001  -1.031E+00  3.808E-02   4.010E-02   -1.035E+00  5.166E-02   5.166E-02   5.166E-02   5.166E-02
0.01   -1.085E+00  9.750E-02   1.058E-01   -1.089E+00  5.435E-02   5.435E-02   5.435E-02   5.435E-02
0.1    -1.397E+00  6.105E-02   7.502E-02   -1.404E+00  7.004E-02   7.004E-02   7.004E-02   7.004E-02
1      -1.214E+00  -6.234E-03  1.934E-02   -1.181E+00  5.987E-02   5.987E-02   5.987E-02   5.987E-02
27     27          9           -5
4
0.001  -1.081E+00  2.790E-02   2.698E-02   -1.031E+00  5.280E-02   5.280E-02   5.280E-02   5.280E-02
0.01   -1.215E+00  7.098E-02   7.129E-02   -1.080E+00  5.727E-02   5.727E-02   5.727E-02   5.727E-02
0.1    -1.630E+00  4.880E-02   5.087E-02   -1.479E+00  7.764E-02   7.764E-02   7.764E-02   7.764E-02
1      -1.365E+00  2.332E-02   4.680E-02   -1.231E+00  6.482E-02   6.482E-02   6.482E-02   6.482E-02
28     28          9           5
4
0.001  -1.074E+00  -3.076E-02  -3.091E-02  -1.033E+00  5.268E-02   5.268E-02   5.268E-02   5.268E-02
0.01   -1.192E+00  -7.682E-02  -7.370E-02  -1.084E+00  5.684E-02   5.684E-02   5.684E-02   5.684E-02
0.1    -1.554E+00  -6.457E-02  -4.888E-02  -1.456E+00  7.523E-02   7.523E-02   7.523E-02   7.523E-02
1      -1.229E+00  -2.807E-03  2.858E-02   -1.179E+00  6.018E-02   6.018E-02   6.018E-02   6.018E-02
29     29          9           9
4
0.001  -1.023E+00  -3.804E-02  -3.216E-02  -1.036E+00  5.147E-02   5.147E-02   5.147E-02   5.147E-02
0.01   -1.061E+00  -9.682E-02  -7.710E-02  -1.091E+00  5.377E-02   5.377E-02   5.377E-02   5.377E-02
0.1    -1.360E+00  -5.229E-02  -2.229E-02  -1.391E+00  6.877E-02   6.877E-02   6.877E-02   6.877E-02
1      -1.231E+00  5.560E-02   8.538E-02   -1.188E+00  6.046E-02   6.046E-02   6.046E-02   6.046E-02
30     30          9           13
4
0.001  -9.955E-01  -3.978E-02  -2.976E-02  -1.036E+00  5.077E-02   5.077E-02   5.077E-02   5.077E-02
0.01   -9.873E-01  -1.040E-01  -7.284E-02  -1.092E+00  5.192E-02   5.192E-02   5.192E-02   5.192E-02
0.1    -1.233E+00  -6.123E-02  -2.402E-02  -1.311E+00  6.358E-02   6.358E-02   6.358E-02   6.358E-02
1      -1.266E+00  5.695E-02   6.109E-02   -1.185E+00  6.124E-02   6.124E-02   6.124E-02   6.124E-02
31     31          13          -13
4
0.001  -1.007E+00  3.736E-02   4.265E-02   -1.003E+00  5.025E-02   5.025E-02   5.025E-02   5.025E-02
0.01   -1.023E+00  9.883E-02   1.166E-01   -1.003E+00  5.064E-02   5.064E-02   5.064E-02   5.064E-02
0.1    -1.227E+00  6.422E-02   8.633E-02   -1.162E+00  5.971E-02   5.971E-02   5.971E-02   5.971E-02
1      -1.272E+00  5.630E-03   2.812E-02   -1.064E+00  5.816E-02   5.816E-02   5.816E-02   5.816E-02
32     32          13          -9
4
0.001  -1.037E+00  3.125E-02   4.095E-02   -1.001E+00  5.096E-02   5.096E-02   5.096E-02   5.096E-02
0.01   -1.105E+00  8.163E-02   1.110E-01   -1.000E+00  5.256E-02   5.256E-02   5.256E-02   5.256E-02
0.1    -1.370E+00  3.542E-02   7.483E-02   -1.261E+00  6.572E-02   6.572E-02   6.572E-02   6.572E-02
1      -1.320E+00  -5.761E-02  -1.940E-02  -1.246E+00  6.410E-02   6.410E-02   6.410E-02   6.410E-02
33     33          13          -5
4
0.001  -1.067E+00  2.084E-02   2.740E-02   -9.922E-01  5.144E-02   5.144E-02   5.144E-02   5.144E-02
0.01   -1.181E+00  5.594E-02   7.480E-02   -9.772E-01  5.372E-02   5.372E-02   5.372E-02   5.372E-02
0.1    -1.482E+00  3.150E-02   4.864E-02   -1.285E+00  6.900E-02   6.900E-02   6.900E-02   6.900E-02
1      -1.353E+00  2.695E-02   2.452E-02   -1.298E+00  6.625E-02   6.625E-02   6.625E-02   6.625E-02
34     34          13          5
4
0.001  -1.071E+00  -2.203E-02  -3.507E-02  -9.937E-01  5.157E-02   5.157E-02   5.157E-02   5.157E-02
0.01   -1.190E+00  -5.706E-02  -8.938E-02  -9.801E-01  5.400E-02   5.400E-02   5.400E-02   5.400E-02
0.1    -1.477E+00  -3.837E-02  -7.053E-02  -1.273E+00  6.855E-02   6.855E-02   6.855E-02   6.855E-02
1      -1.315E+00  1.888E-02   3.839E-03   -1.239E+00  6.383E-02   6.383E-02   6.383E-02   6.383E-02
35     35          13          9
4
0.001  -1.030E+00  -4.193E-02  -4.481E-02  -1.000E+00  5.076E-02   5.076E-02   5.076E-02   5.076E-02
0.01   -1.082E+00  -1.136E-01  -1.165E-01  -9.969E-01  5.193E-02   5.193E-02   5.193E-02   5.193E-02
0.1    -1.319E+00  -1.246E-01  -9.174E-02  -1.236E+00  6.383E-02   6.383E-02   6.383E-02   6.383E-02
1      -1.292E+00  -1.180E-01  1.363E-02   -1.192E+00  6.206E-02   6.206E-02   6.206E-02   6.206E-02
36     36          13          13
4
0.001  -1.007E+00  -3.965E-02  -3.577E-02  -1.012E+00  5.048E-02   5.048E-02   5.048E-02   5.048E-02
0.01   -1.019E+00  -1.055E-01  -9.069E-02  -1.029E+00  5.119E-02   5.119E-02   5.119E-02   5.119E-02
0.1    -1.224E+00  -5.924E-02  -4.018E-02  -1.230E+00  6.135E-02   6.135E-02   6.135E-02   6.135E-02
1      -1.290E+00  7.386E-02   6.545E-02   -1.256E+00  6.364E-02   6.364E-02   6.364E-02   6.364E-02
   99 99    0.0 0.0
  0
VTF   36
101     101           -13         -13
4
0.001 -8.804E-03  7.818E-03   -8.681E-03  7.106E-03   -4.402E-04  3.909E-04   -4.340E-04  3.553E-04
0.01  -3.213E-02  1.279E-02   -2.823E-02  1.104E-02   -1.606E-03  6.393E-04   -1.412E-03  5.522E-04
0.1   -1.473E-02  -3.422E-02  -1.326E-02  -3.130E-02  -7.367E-04  -1.711E-03  -6.628E-04  -1.565E-03
1     1.438E-02   -5.419E-03  1.560E-02   -7.456E-03  7.191E-04   -2.709E-04  7.799E-04   -3.728E-04
102     102           -13         -9
4
0.001 -1.071E-02  9.611E-03   -6.535E-03  5.315E-03   -5.356E-04  4.805E-04   -3.267E-04  2.658E-04
0.01  -3.914E-02  1.647E-02   -2.126E-02  8.268E-03   -1.957E-03  8.234E-04   -1.063E-03  4.134E-04
0.1   -2.346E-02  -3.920E-02  -9.915E-03  -2.668E-02  -1.173E-03  -1.960E-03  -4.958E-04  -1.334E-03
1     1.345E-02   -5.565E-03  2.019E-02   -1.461E-02  6.724E-04   -2.783E-04  1.009E-03   -7.304E-04
103     103           -13         -5
4
0.001 -1.388E-02  1.263E-02   -3.340E-03  2.454E-03   -6.941E-04  6.315E-04   -1.670E-04  1.227E-04
0.01  -5.098E-02  2.289E-02   -1.034E-02  2.652E-03   -2.549E-03  1.145E-03   -5.169E-04  1.326E-04
0.1   -3.774E-02  -4.662E-02  6.825E-04   -2.483E-02  -1.887E-03  -2.331E-03  3.412E-05   -1.242E-03
1     9.270E-03   3.245E-03   3.941E-02   -3.933E-02  4.635E-04   1.623E-04   1.971E-03   -1.966E-03
104     104           -13         5
4
0.001 -1.243E-02  1.115E-02   4.570E-03   -4.536E-03  -6.215E-04  5.575E-04   2.285E-04   -2.268E-04
0.01  -4.568E-02  1.898E-02   1.837E-02   -8.191E-03  -2.284E-03  9.492E-04   9.183E-04   -4.096E-04
0.1   -2.754E-02  -5.123E-02  1.298E-02   1.186E-02   -1.377E-03  -2.562E-03  6.488E-04   5.930E-04
1     3.109E-02   -2.195E-02  7.704E-03   -1.716E-02  1.554E-03   -1.098E-03  3.852E-04   -8.578E-04
105     105           -13         9
4
0.001 -1.014E-02  8.956E-03   6.845E-03   -6.480E-03  -5.069E-04  4.478E-04   3.423E-04   -3.240E-04
0.01  -3.692E-02  1.485E-02   2.627E-02   -1.126E-02  -1.846E-03  7.425E-04   1.313E-03   -5.630E-04
0.1   -1.849E-02  -4.293E-02  1.632E-02   2.227E-02   -9.246E-04  -2.146E-03  8.162E-04   1.114E-03
1     2.694E-02   -1.709E-02  -2.044E-03  -1.174E-02  1.347E-03   -8.546E-04  -1.022E-04  -5.869E-04
106     106           -13         13
4
0.001 -7.638E-03  6.552E-03   7.952E-03   -7.290E-03  -3.819E-04  3.276E-04   3.976E-04   -3.645E-04
0.01  -2.766E-02  9.695E-03   2.978E-02   -1.171E-02  -1.383E-03  4.847E-04   1.489E-03   -5.856E-04
0.1   -6.745E-03  -3.941E-02  1.395E-02   3.111E-02   -3.373E-04  -1.971E-03  6.973E-04   1.555E-03
1     3.702E-02   -3.244E-02  -1.677E-02  4.716E-03   1.851E-03   -1.622E-03  -8.385E-04  2.358E-04
107     107           -9          -13
4
0.001 -7.286E-03  6.618E-03   -1.127E-02  9.612E-03   -3.643E-04  3.309E-04   -5.634E-04  4.806E-04
0.01  -2.745E-02  1.116E-02   -3.808E-02  1.641E-02   -1.373E-03  5.581E-04   -1.904E-03  8.207E-04
0.1   -1.389E-02  -3.104E-02  -2.557E-02  -3.797E-02  -6.946E-04  -1.552E-03  -1.278E-03  -1.898E-03
1     1.735E-02   -1.827E-02  1.206E-02   -4.116E-03  8.674E-04   -9.135E-04  6.032E-04   -2.058E-04
108     108           -9          -9
4
0.001 -9.663E-03  8.866E-03   -9.735E-03  8.362E-03   -4.832E-04  4.433E-04   -4.868E-04  4.181E-04
0.01  -3.611E-02  1.570E-02   -3.298E-02  1.463E-02   -1.805E-03  7.852E-04   -1.649E-03  7.317E-04
0.1   -2.471E-02  -3.285E-02  -2.473E-02  -2.862E-02  -1.236E-03  -1.643E-03  -1.236E-03  -1.431E-03
1     7.858E-03   -1.367E-03  3.082E-03   4.415E-03   3.929E-04   -6.834E-05  1.541E-04   2.207E-04
109     109           -9          -5
4
0.001 -1.159E-02  1.063E-02   -5.290E-03  4.306E-03   -5.797E-04  5.315E-04   -2.645E-04  2.153E-04
0.01  -4.310E-02  1.870E-02   -1.706E-02  6.822E-03   -2.155E-03  9.349E-04   -8.530E-04  3.411E-04
0.1   -3.177E-02  -3.778E-02  -1.039E-02  -1.784E-02  -1.589E-03  -1.889E-03  -5.194E-04  -8.922E-04
1     8.735E-03   -3.825E-03  8.854E-03   -9.419E-03  4.367E-04   -1.912E-04  4.427E-04   -4.710E-04
110    110          -9          5
4
0.001 -1.125E-02  1.022E-02   5.704E-03   -5.525E-03  -5.624E-04  5.109E-04   2.852E-04   -2.762E-04
0.01  -4.163E-02  1.767E-02   2.278E-02   -8.856E-03  -2.081E-03  8.833E-04   1.139E-03   -4.428E-04
0.1   -2.858E-02  -3.943E-02  1.254E-02   2.344E-02   -1.429E-03  -1.971E-03  6.272E-04   1.172E-03
1     1.441E-02   -6.084E-03  -1.380E-02  6.077E-03   7.203E-04   -3.042E-04  -6.902E-04  3.039E-04
111    111          -9          9
4
0.001 -8.684E-03  7.824E-03   9.145E-03   -8.593E-03  -4.342E-04  3.912E-04   4.572E-04   -4.296E-04
0.01  -3.211E-02  1.358E-02   3.485E-02   -1.465E-02  -1.606E-03  6.790E-04   1.743E-03   -7.324E-04
0.1   -1.974E-02  -3.172E-02  2.246E-02   3.254E-02   -9.869E-04  -1.586E-03  1.123E-03   1.627E-03
1     1.180E-02   -3.262E-03  -9.536E-03  -3.190E-04  5.902E-04   -1.631E-04  -4.768E-04  -1.595E-05
112    112          -9          13
4
0.001 -6.770E-03  6.027E-03   1.079E-02   -9.980E-03  -3.385E-04  3.013E-04   5.395E-04   -4.990E-04
0.01  -2.485E-02  1.053E-02   4.016E-02   -1.736E-02  -1.243E-03  5.263E-04   2.008E-03   -8.681E-04
0.1   -1.371E-02  -2.404E-02  2.657E-02   3.533E-02   -6.857E-04  -1.202E-03  1.329E-03   1.766E-03
1     5.996E-03   1.009E-03   -3.149E-03  -6.561E-03  2.998E-04   5.046E-05   -1.574E-04  -3.281E-04
113    113          -5          -13
4
0.001 -4.606E-03  4.274E-03   -1.370E-02  1.189E-02   -2.303E-04  2.137E-04   -6.848E-04  5.943E-04
0.01  -1.787E-02  7.387E-03   -4.697E-02  2.083E-02   -8.936E-04  3.694E-04   -2.349E-03  1.041E-03
0.1   -9.105E-03  -1.817E-02  -3.494E-02  -4.212E-02  -4.552E-04  -9.087E-04  -1.747E-03  -2.106E-03
1     8.144E-03   -6.594E-03  5.239E-03   4.493E-03   4.072E-04   -3.297E-04  2.619E-04   2.247E-04
114    114          -5          -9
4
0.001 -6.062E-03  5.584E-03   -1.116E-02  9.595E-03   -3.031E-04  2.792E-04   -5.579E-04  4.797E-04
0.01  -2.323E-02  9.243E-03   -3.839E-02  1.560E-02   -1.161E-03  4.622E-04   -1.919E-03  7.799E-04
0.1   -1.296E-02  -2.449E-02  -2.538E-02  -4.108E-02  -6.482E-04  -1.224E-03  -1.269E-03  -2.054E-03
1     1.606E-02   -1.464E-02  2.709E-02   -2.149E-02  8.028E-04   -7.320E-04  1.354E-03   -1.074E-03
115    115          -5          -5
4
0.001 -7.511E-03  6.904E-03   -6.897E-03  5.796E-03   -3.755E-04  3.452E-04   -3.449E-04  2.898E-04
0.01  -2.820E-02  1.156E-02   -2.274E-02  9.530E-03   -1.410E-03  5.778E-04   -1.137E-03  4.765E-04
0.1   -1.933E-02  -2.325E-02  -1.679E-02  -1.700E-02  -9.663E-04  -1.163E-03  -8.395E-04  -8.502E-04
1     3.905E-03   -4.529E-03  -1.926E-03  7.673E-03   1.953E-04   -2.264E-04  -9.628E-05  3.836E-04
116    116          -5          5
4
0.001 -7.019E-03  6.400E-03   7.464E-03   -7.171E-03  -3.509E-04  3.200E-04   3.732E-04   -3.585E-04
0.01  -2.642E-02  1.060E-02   2.882E-02   -1.204E-02  -1.321E-03  5.302E-04   1.441E-03   -6.019E-04
0.1   -1.673E-02  -2.550E-02  2.077E-02   1.937E-02   -8.367E-04  -1.275E-03  1.038E-03   9.684E-04
1     1.371E-02   -9.683E-03  7.865E-03   -1.720E-02  6.855E-04   -4.842E-04  3.933E-04   -8.600E-04
117    117          -5          9
4
0.001 -5.693E-03  5.210E-03   1.063E-02   -9.965E-03  -2.847E-04  2.605E-04   5.316E-04   -4.983E-04
0.01  -2.148E-02  9.342E-03   4.036E-02   -1.675E-02  -1.074E-03  4.671E-04   2.018E-03   -8.375E-04
0.1   -1.429E-02  -1.800E-02  2.698E-02   3.783E-02   -7.146E-04  -9.000E-04  1.349E-03   1.892E-03
1     1.131E-03   3.505E-03   -1.382E-02  2.704E-03   5.655E-05   1.753E-04   -6.908E-04  1.352E-04
118    118          -5          13
4
0.001 -3.768E-03  3.379E-03   1.308E-02   -1.215E-02  -1.884E-04  1.690E-04   6.541E-04   -6.073E-04
0.01  -1.458E-02  5.750E-03   4.865E-02   -2.171E-02  -7.288E-04  2.875E-04   2.433E-03   -1.086E-03
0.1   -6.064E-03  -1.998E-02  3.620E-02   4.153E-02   -3.032E-04  -9.992E-04  1.810E-03   2.076E-03
1     1.645E-02   -2.536E-02  -2.482E-03  -1.250E-02  8.227E-04   -1.268E-03  -1.241E-04  -6.250E-04
119    119          5           -13
4
0.001 4.624E-03   -3.953E-03  -1.343E-02  1.166E-02   2.312E-04   -1.976E-04  -6.714E-04  5.830E-04
0.01  1.534E-02   -6.095E-03  -4.645E-02  2.010E-02   7.672E-04   -3.048E-04  -2.323E-03  1.005E-03
0.1   9.255E-03   1.266E-02   -3.219E-02  -4.730E-02  4.628E-04   6.329E-04   -1.609E-03  -2.365E-03
1     4.812E-03   -1.066E-02  1.958E-02   -9.723E-03  2.406E-04   -5.332E-04  9.791E-04   -4.862E-04
120    120          5           -9
4
0.001 5.321E-03   -4.577E-03  -1.177E-02  1.024E-02   2.661E-04   -2.288E-04  -5.885E-04  5.121E-04
0.01  1.796E-02   -6.581E-03  -4.055E-02  1.748E-02   8.982E-04   -3.290E-04  -2.028E-03  8.742E-04
0.1   1.018E-02   1.692E-02   -3.108E-02  -3.475E-02  5.091E-04   8.460E-04   -1.554E-03  -1.737E-03
1     -2.639E-03  1.159E-04   6.451E-03   -1.538E-03  -1.320E-04  5.797E-06   3.226E-04   -7.692E-05
121    121          5           -5
4
0.001 6.677E-03   -5.885E-03  -6.994E-03  5.912E-03   3.338E-04   -2.943E-04  -3.497E-04  2.956E-04
0.01  2.278E-02   -9.236E-03  -2.332E-02  9.645E-03   1.139E-03   -4.618E-04  -1.166E-03  4.823E-04
0.1   1.645E-02   1.263E-02   -1.700E-02  -1.825E-02  8.226E-04   6.317E-04   -8.498E-04  -9.126E-04
1     1.480E-02   -2.904E-02  -3.418E-04  -1.031E-03  7.398E-04   -1.452E-03  -1.709E-05  -5.156E-05
122    122          5           5
4
0.001 6.833E-03   -5.994E-03  7.145E-03   -6.781E-03  3.417E-04   -2.997E-04  3.572E-04   -3.391E-04
0.01  2.352E-02   -8.769E-03  2.766E-02   -1.040E-02  1.176E-03   -4.385E-04  1.383E-03   -5.201E-04
0.1   1.442E-02   2.035E-02   1.674E-02   2.724E-02   7.210E-04   1.017E-03   8.371E-04   1.362E-03
1     -2.549E-03  -2.945E-03  -1.691E-02  1.172E-02   -1.274E-04  -1.473E-04  -8.453E-04  5.861E-04
123    123          5           9
4
0.001 5.510E-03   -4.827E-03  1.184E-02   -1.119E-02  2.755E-04   -2.413E-04  5.918E-04   -5.594E-04
0.01  1.903E-02   -6.882E-03  4.467E-02   -1.997E-02  9.517E-04   -3.441E-04  2.234E-03   -9.986E-04
0.1   9.879E-03   1.923E-02   3.592E-02   3.145E-02   4.939E-04   9.616E-04   1.796E-03   1.573E-03
1     -8.439E-03  1.287E-03   9.466E-03   -2.374E-02  -4.220E-04  6.435E-05   4.733E-04   -1.187E-03
124    124          5           13
4
0.001 4.092E-03   -3.539E-03  1.273E-02   -1.176E-02  2.046E-04   -1.770E-04  6.363E-04   -5.880E-04
0.01  1.385E-02   -4.841E-03  4.725E-02   -2.043E-02  6.926E-04   -2.420E-04  2.363E-03   -1.021E-03
0.1   5.494E-03   1.412E-02   3.310E-02   4.317E-02   2.747E-04   7.058E-04   1.655E-03   2.159E-03
1     -4.476E-03  -4.492E-03  -8.225E-03  -6.491E-05  -2.238E-04  -2.246E-04  -4.112E-04  -3.246E-06
125    125          9           -13
4
0.001 7.288E-03   -6.285E-03  -1.119E-02  9.555E-03   3.644E-04   -3.143E-04  -5.593E-04  4.778E-04
0.01  2.479E-02   -9.879E-03  -3.820E-02  1.594E-02   1.240E-03   -4.939E-04  -1.910E-03  7.972E-04
0.1   1.405E-02   2.362E-02   -2.292E-02  -4.225E-02  7.023E-04   1.181E-03   -1.146E-03  -2.112E-03
1     -5.393E-04  -8.070E-03  2.291E-02   -1.363E-02  -2.697E-05  -4.035E-04  1.146E-03   -6.816E-04
126    126          9           -9
4
0.001 9.809E-03   -8.640E-03  -9.492E-03  8.134E-03   4.905E-04   -4.320E-04  -4.746E-04  4.067E-04
0.01  3.403E-02   -1.419E-02  -3.243E-02  1.367E-02   1.702E-03   -7.096E-04  -1.622E-03  6.837E-04
0.1   2.309E-02   2.865E-02   -2.092E-02  -3.198E-02  1.155E-03   1.433E-03   -1.046E-03  -1.599E-03
1     3.303E-03   -1.536E-02  1.093E-02   -7.883E-03  1.652E-04   -7.679E-04  5.466E-04   -3.941E-04
127    127          9           -5
4
0.001 1.171E-02   -1.043E-02  -5.479E-03  4.538E-03   5.857E-04   -5.214E-04  -2.739E-04  2.269E-04
0.01  4.112E-02   -1.726E-02  -1.817E-02  7.305E-03   2.056E-03   -8.630E-04  -9.084E-04  3.653E-04
0.1   2.978E-02   3.359E-02   -1.016E-02  -1.932E-02  1.489E-03   1.679E-03   -5.081E-04  -9.660E-04
1     1.848E-03   -1.625E-02  1.061E-02   -7.530E-03  9.241E-05   -8.125E-04  5.307E-04   -3.765E-04
128    128          9           5
4
0.001 1.079E-02   -9.551E-03  6.213E-03   -5.995E-03  5.393E-04   -4.775E-04  3.107E-04   -2.997E-04
0.01  3.782E-02   -1.509E-02  2.410E-02   -1.018E-02  1.891E-03   -7.543E-04  1.205E-03   -5.088E-04
0.1   2.439E-02   3.469E-02   1.755E-02   1.700E-02   1.219E-03   1.734E-03   8.776E-04   8.501E-04
1     -8.641E-03  -6.877E-03  3.934E-03   -1.226E-02  -4.320E-04  -3.438E-04  1.967E-04   -6.132E-04
129    129          9           9
4
0.001 8.806E-03   -7.740E-03  9.367E-03   -8.749E-03  4.403E-04   -3.870E-04  4.683E-04   -4.375E-04
0.01  3.065E-02   -1.199E-02  3.535E-02   -1.469E-02  1.532E-03   -5.994E-04  1.767E-03   -7.343E-04
0.1   1.761E-02   2.950E-02   2.330E-02   3.252E-02   8.807E-04   1.475E-03   1.165E-03   1.626E-03
1     -7.186E-03  -3.631E-03  -9.682E-03  1.788E-03   -3.593E-04  -1.816E-04  -4.841E-04  8.940E-05
130    130          9           13
4
0.001 6.982E-03   -6.043E-03  1.098E-02   -1.012E-02  3.491E-04   -3.021E-04  5.489E-04   -5.059E-04
0.01  2.395E-02   -8.813E-03  4.065E-02   -1.735E-02  1.197E-03   -4.407E-04  2.032E-03   -8.675E-04
0.1   1.069E-02   2.497E-02   2.691E-02   3.617E-02   5.343E-04   1.249E-03   1.345E-03   1.808E-03
1     -8.836E-03  -1.235E-03  -3.526E-03  -2.974E-03  -4.418E-04  -6.174E-05  -1.763E-04  -1.487E-04
131    131          13          -13
4
0.001 8.499E-03   -7.196E-03  -8.827E-03  7.370E-03   4.249E-04   -3.598E-04  -4.414E-04  3.685E-04
0.01  2.874E-02   -1.050E-02  -2.923E-02  1.209E-02   1.437E-03   -5.251E-04  -1.462E-03  6.047E-04
0.1   1.197E-02   3.316E-02   -1.585E-02  -2.871E-02  5.987E-04   1.658E-03   -7.926E-04  -1.436E-03
1     -1.237E-02  5.971E-03   6.672E-03   -2.022E-04  -6.185E-04  2.985E-04   3.336E-04   -1.011E-05
132    132          13          -9
4
0.001 1.206E-02   -1.060E-02  -7.471E-03  6.304E-03   6.028E-04   -5.300E-04  -3.735E-04  3.152E-04
0.01  4.178E-02   -1.793E-02  -2.503E-02  1.081E-02   2.089E-03   -8.965E-04  -1.252E-03  5.405E-04
0.1   2.908E-02   3.742E-02   -1.500E-02  -2.382E-02  1.454E-03   1.871E-03   -7.499E-04  -1.191E-03
1     2.479E-03   -1.520E-02  2.423E-03   6.017E-04   1.239E-04   -7.600E-04  1.211E-04   3.009E-05
133    133          13          -5
4
0.001 1.343E-02   -1.187E-02  -4.467E-03  3.644E-03   6.715E-04   -5.936E-04  -2.233E-04  1.822E-04
0.01  4.702E-02   -1.991E-02  -1.426E-02  6.404E-03   2.351E-03   -9.953E-04  -7.130E-04  3.202E-04
0.1   3.248E-02   4.507E-02   -8.708E-03  -1.062E-02  1.624E-03   2.253E-03   -4.354E-04  -5.309E-04
1     -8.740E-03  -7.470E-03  -7.138E-03  1.230E-02   -4.370E-04  -3.735E-04  -3.569E-04  6.148E-04
134    134          13          5
4
0.001 1.333E-02   -1.179E-02  4.231E-03   -4.165E-03  6.665E-04   -5.897E-04  2.115E-04   -2.083E-04
0.01  4.676E-02   -1.955E-02  1.684E-02   -7.117E-03  2.338E-03   -9.773E-04  8.422E-04   -3.559E-04
0.1   3.141E-02   4.550E-02   1.163E-02   1.203E-02   1.571E-03   2.275E-03   5.817E-04   6.016E-04
1     -1.125E-02  -2.451E-03  9.777E-04   -1.007E-02  -5.623E-04  -1.225E-04  4.889E-05   -5.033E-04
135    135          13          9
4
0.001 1.079E-02   -9.409E-03  7.201E-03   -6.746E-03  5.394E-04   -4.705E-04  3.601E-04   -3.373E-04
0.01  3.730E-02   -1.486E-02  2.727E-02   -1.128E-02  1.865E-03   -7.432E-04  1.364E-03   -5.642E-04
0.1   2.130E-02   3.724E-02   1.701E-02   2.423E-02   1.065E-03   1.862E-03   8.507E-04   1.211E-03
1     -9.161E-03  -3.723E-03  -5.336E-03  -2.026E-03  -4.581E-04  -1.861E-04  -2.668E-04  -1.013E-04
136    136          13          13
4
0.001 8.097E-03   -6.875E-03  8.199E-03   -7.457E-03  4.049E-04   -3.438E-04  4.099E-04   -3.728E-04
0.01  2.746E-02   -9.515E-03  3.033E-02   -1.163E-02  1.373E-03   -4.758E-04  1.517E-03   -5.816E-04
0.1   9.663E-03   3.212E-02   1.437E-02   3.136E-02   4.832E-04   1.606E-03   7.184E-04   1.568E-03
1     -1.724E-02  9.252E-03   -1.424E-02  8.508E-03   -8.622E-04  4.626E-04   -7.121E-04  4.254E-04
NMT2  7
201     99           0.0          0.0          0.0          15.0         0.0          0.0          10.0         0.0
4
   0.001  1.3057E-06 -1.1411E-06  3.8978E-04 -4.1695E-04 -4.6106E-04  4.7414E-04 -7.6649E-07  7.0612E-07  3.0720E-05  3.0720E-05  3.0720E-05  3.0720E-05  3.0720E-05  3.0720E-05  3.0720E-05  3.0720E-05
    0.01  3.0853E-06 -2.9122E-07  1.2432E-03 -1.4667E-03 -1.4459E-03  1.5619E-03 -1.3585E-06  4.3788E-07  1.0115E-04  1.0115E-04  1.0115E-04  1.0115E-04  1.0115E-04  1.0115E-04  1.0115E-04  1.0115E-04
     0.1 -1.2634E-05 -1.6351E-05  3.9625E-03 -6.8626E-03 -4.3313E-03  6.8217E-03  8.6408E-06  2.3784E-05  4.0011E-04  4.0011E-04  4.0011E-04  4.0011E-04  4.0011E-04  4.0011E-04  4.0011E-04  4.0011E-04
       1 -1.6070E-05 -3.1270E-04  2.0655E-02 -2.6333E-02 -2.0612E-02  2.6062E-02 -5.0785E-05  2.8906E-04  1.6674E-03  1.6674E-03  1.6674E-03  1.6674E-03  1.6674E-03  1.6674E-03  1.6674E-03  1.6674E-03
202     99           0.0          0.0          0.0          15.0         0.0          0.0          -8.0         0.0
4
   0.001  8.0255E-07 -6.8772E-07  3.6463E-04 -3.9637E-04 -4.6106E-04  4.7414E-04 -7.6649E-07  7.0612E-07  2.9841E-05  2.9841E-05  2.9841E-05  2.9841E-05  2.9841E-05  2.9841E-05  2.9841E-05  2.9841E-05
    0.01  2.1544E-06  1.9217E-06  1.1706E-03 -1.4304E-03 -1.4459E-03  1.5619E-03 -1.3585E-06  4.3788E-07  9.9174E-05  9.9174E-05  9.9174E-05  9.9174E-05  9.9174E-05  9.9174E-05  9.9174E-05  9.9174E-05
     0.1 -1.3724E-05  2.5227E-06  3.8344E-03 -6.8559E-03 -4.3313E-03  6.8217E-03  8.6408E-06  2.3784E-05  3.9836E-04  3.9836E-04  3.9836E-04  3.9836E-04  3.9836E-04  3.9836E-04  3.9836E-04  3.9836E-04
       1 -3.8483E-05 -1.1272E-04  2.0628E-02 -2.6194E-02 -2.0612E-02  2.6062E-02 -5.0785E-05  2.8906E-04  1.6642E-03  1.6642E-03  1.6642E-03  1.6642E-03  1.6642E-03  1.6642E-03  1.6642E-03  1.6642E-03
203     99           0.0          0.0          -8.0         0.0          0.0          0.0          -15.0        -15.0
4
   0.001  8.0255E-07 -6.8772E-07  3.6463E-04 -3.9637E-04 -5.2131E-04  5.2200E-04  1.5662E-04 -1.2604E-04  3.1517E-05  3.1517E-05  3.1517E-05  3.1517E-05  3.1517E-05  3.1517E-05  3.1517E-05  3.1517E-05
    0.01  2.1544E-06  1.9217E-06  1.1706E-03 -1.4304E-03 -1.6171E-03  1.6407E-03  4.4655E-04 -2.1319E-04  1.0317E-04  1.0317E-04  1.0317E-04  1.0317E-04  1.0317E-04  1.0317E-04  1.0317E-04  1.0317E-04
     0.1 -1.3724E-05  2.5227E-06  3.8344E-03 -6.8559E-03 -4.6449E-03  6.7476E-03  8.0372E-04  7.1079E-05  4.0109E-04  4.0109E-04  4.0109E-04  4.0109E-04  4.0109E-04  4.0109E-04  4.0109E-04  4.0109E-04
       1 -3.8483E-05 -1.1272E-04  2.0628E-02 -2.6194E-02 -2.0427E-02  2.5677E-02 -7.7647E-05  3.9097E-04  1.6538E-03  1.6538E-03  1.6538E-03  1.6538E-03  1.6538E-03  1.6538E-03  1.6538E-03  1.6538E-03
204     99           0.0          0.0          10.0         0.0          0.0          0.0          -15.0        -15.0
4
   0.001  1.3057E-06 -1.1411E-06  3.8978E-04 -4.1695E-04 -5.2181E-04  5.2245E-04  1.3147E-04 -1.0545E-04  3.2460E-05  3.2460E-05  3.2460E-05  3.2460E-05  3.2460E-05  3.2460E-05  3.2460E-05  3.2460E-05
    0.01  3.0853E-06 -2.9122E-07  1.2432E-03 -1.4667E-03 -1.6180E-03  1.6429E-03  3.7400E-04 -1.7687E-04  1.0528E-04  1.0528E-04  1.0528E-04  1.0528E-04  1.0528E-04  1.0528E-04  1.0528E-04  1.0528E-04
     0.1 -1.2634E-05 -1.6351E-05  3.9625E-03 -6.8626E-03 -4.6460E-03  6.7664E-03  6.7558E-04  7.7740E-05  4.0325E-04  4.0325E-04  4.0325E-04  4.0325E-04  4.0325E-04  4.0325E-04  4.0325E-04  4.0325E-04
       1 -1.6070E-05 -3.1270E-04  2.0655E-02 -2.6333E-02 -2.0450E-02  2.5877E-02 -1.0443E-04  5.3006E-04  1.6612E-03  1.6612E-03  1.6612E-03  1.6612E-03  1.6612E-03  1.6612E-03  1.6612E-03  1.6612E-03
205     99           20.0         20.0         10.0         20.0         20.0         20.0         20.0         10.0
4
   0.001 -6.7640E-05  5.2325E-05  6.1273E-04 -6.0095E-04 -6.1180E-04  5.9600E-04  6.9908E-05 -5.6481E-05  4.2809E-05  4.2809E-05  4.2809E-05  4.2809E-05  4.2809E-05  4.2809E-05  4.2809E-05  4.2809E-05
    0.01 -1.9383E-04  7.0660E-05  1.8752E-03 -1.8272E-03 -1.8646E-03  1.7918E-03  2.0528E-04 -9.1813E-05  1.3010E-04  1.3010E-04  1.3010E-04  1.3010E-04  1.3010E-04  1.3010E-04  1.3010E-04  1.3010E-04
     0.1 -2.3456E-04 -2.1457E-04  5.4853E-03 -7.0718E-03 -5.4366E-03  6.8400E-03  2.8170E-04  1.1377E-04  4.4215E-04  4.4215E-04  4.4215E-04  4.4215E-04  4.4215E-04  4.4215E-04  4.4215E-04  4.4215E-04
       1  4.3076E-04 -2.4581E-04  2.2410E-02 -2.4251E-02 -2.1043E-02  2.3773E-02 -7.0361E-05 -6.6967E-05  1.6189E-03  1.6189E-03  1.6189E-03  1.6189E-03  1.6189E-03  1.6189E-03  1.6189E-03  1.6189E-03
206     99           15.0         -15.0        20.0         0.0          15.0         -15.0        5.0          -5.0
4
   0.001  6.7120E-05 -5.2560E-05  5.8478E-04 -5.7503E-04 -5.4187E-04  5.3916E-04 -2.3309E-05  1.7966E-05  3.9589E-05  3.9589E-05  3.9589E-05  3.9589E-05  3.9589E-05  3.9589E-05  3.9589E-05  3.9589E-05
    0.01  1.9610E-04 -6.2890E-05  1.7964E-03 -1.7463E-03 -1.6652E-03  1.6889E-03 -6.8068E-05  1.9866E-05  1.2188E-04  1.2188E-04  1.2188E-04  1.2188E-04  1.2188E-04  1.2188E-04  1.2188E-04  1.2188E-04
     0.1  1.0154E-04  1.8142E-04  5.0436E-03 -6.8855E-03 -4.9618E-03  6.8883E-03 -1.9809E-05 -7.5191E-05  4.2561E-04  4.2561E-04  4.2561E-04  4.2561E-04  4.2561E-04  4.2561E-04  4.2561E-04  4.2561E-04
       1 -1.2778E-06 -6.2471E-04  2.0452E-02 -2.6459E-02 -2.0377E-02  2.5280E-02  1.9229E-04  4.8809E-04  1.6476E-03  1.6476E-03  1.6476E-03  1.6476E-03  1.6476E-03  1.6476E-03  1.6476E-03  1.6476E-03
207     99           -20.0        20.0         -10.0        20.0         -20.0        20.0         -20.0        10.0
4
   0.001  6.9441E-05 -5.7441E-05  6.1070E-04 -5.9787E-04 -6.0841E-04  5.9565E-04 -6.8285E-05  5.7064E-05  4.2652E-05  4.2652E-05  4.2652E-05  4.2652E-05  4.2652E-05  4.2652E-05  4.2652E-05  4.2652E-05
    0.01  2.0666E-04 -9.1877E-05  1.8604E-03 -1.8196E-03 -1.8610E-03  1.8031E-03 -1.9689E-04  1.0600E-04  1.2984E-04  1.2984E-04  1.2984E-04  1.2984E-04  1.2984E-04  1.2984E-04  1.2984E-04  1.2984E-04
     0.1  2.6728E-04  4.6731E-05  5.4672E-03 -7.1271E-03 -5.4674E-03  6.9382E-03 -2.9018E-04  1.6240E-04  4.4539E-04  4.4539E-04  4.4539E-04  4.4539E-04  4.4539E-04  4.4539E-04  4.4539E-04  4.4539E-04
       1  1.6393E-04 -5.3799E-04  2.2182E-02 -2.3981E-02 -2.1956E-02  2.3249E-02 -1.2818E-03  8.7688E-04  1.6160E-03  1.6160E-03  1.6160E-03  1.6160E-03  1.6160E-03  1.6160E-03  1.6160E-03  1.6160E-03
END
