       147
         0
         0
         1
        37              1              2              3              4              5              6              7              8              9             10             11             12             13             14             15             16             17             18             19             20             21             22             23             24             25             26             27             28             29             30             31             32             33             34             35             36             37
             8.280000e+02  -6.400000e+01  -1.900000e+01  -2.200000e+01  -2.200000e+01  -1.900000e+01  -6.400000e+01  -1.900000e+01  -1.300000e+01  -1.600000e+01  -1.600000e+01  -1.300000e+01  -1.900000e+01  -2.200000e+01  -1.600000e+01  -1.600000e+01  -1.600000e+01  -1.600000e+01  -2.200000e+01  -2.200000e+01  -1.600000e+01  -1.600000e+01  -1.600000e+01  -1.600000e+01  -2.200000e+01  -1.900000e+01  -1.300000e+01  -1.600000e+01  -1.600000e+01  -1.300000e+01  -1.900000e+01  -6.400000e+01  -1.900000e+01  -2.200000e+01  -2.200000e+01  -1.900000e+01  -6.400000e+01
         2
         5              1              2              3              8             38
            -6.400000e+01   1.600000e+02  -1.600000e+01  -1.600000e+01  -6.400000e+01
         3
         6              1              2              3              4              9             39
            -1.900000e+01  -1.600000e+01   7.700000e+01  -1.900000e+01  -7.000000e+00  -1.600000e+01
         4
         6              1              3              4              5             10             40
            -2.200000e+01  -2.200000e+01   1.040000e+02  -2.200000e+01  -1.600000e+01  -2.200000e+01
         5
         6              1              4              5              6             11             41
            -2.200000e+01  -2.200000e+01   1.040000e+02  -2.200000e+01  -1.600000e+01  -2.200000e+01
         6
         6              1              5              6              7             12             42
            -1.900000e+01  -1.900000e+01   7.700000e+01  -1.600000e+01  -7.000000e+00  -1.600000e+01
         7
         5              1              6              7             13             43
            -6.400000e+01  -1.600000e+01   1.600000e+02  -1.600000e+01  -6.400000e+01
         8
         6              1              2              8              9             14             44
            -1.900000e+01  -1.600000e+01   7.700000e+01  -7.000000e+00  -1.900000e+01  -1.600000e+01
         9
         7              1              3              8              9             10             15             45
            -1.300000e+01  -1.000000e+01  -1.000000e+01   7.800000e+01  -1.600000e+01  -1.600000e+01  -1.300000e+01
        10
         7              1              4              9             10             11             16             46
            -1.600000e+01  -1.600000e+01  -1.600000e+01   9.600000e+01  -1.600000e+01  -1.600000e+01  -1.600000e+01
        11
         7              1              5             10             11             12             17             47
            -1.600000e+01  -1.600000e+01  -1.600000e+01   9.600000e+01  -1.600000e+01  -1.600000e+01  -1.600000e+01
        12
         7              1              6             11             12             13             18             48
            -1.300000e+01  -1.000000e+01  -1.600000e+01   7.800000e+01  -1.000000e+01  -1.600000e+01  -1.300000e+01
        13
         6              1              7             12             13             19             49
            -1.900000e+01  -1.600000e+01  -7.000000e+00   7.700000e+01  -1.900000e+01  -1.600000e+01
        14
         6              1              8             14             15             20             50
            -2.200000e+01  -2.200000e+01   1.040000e+02  -1.600000e+01  -2.200000e+01  -2.200000e+01
        15
         7              1              9             14             15             16             21             51
            -1.600000e+01  -1.600000e+01  -1.600000e+01   9.600000e+01  -1.600000e+01  -1.600000e+01  -1.600000e+01
        16
         7              1             10             15             16             17             22             52
            -1.600000e+01  -1.600000e+01  -1.600000e+01   9.600000e+01  -1.600000e+01  -1.600000e+01  -1.600000e+01
        17
         7              1             11             16             17             18             23             53
            -1.600000e+01  -1.600000e+01  -1.600000e+01   9.600000e+01  -1.600000e+01  -1.600000e+01  -1.600000e+01
        18
         7              1             12             17             18             19             24             54
            -1.600000e+01  -1.600000e+01  -1.600000e+01   9.600000e+01  -1.600000e+01  -1.600000e+01  -1.600000e+01
        19
         6              1             13             18             19             25             55
            -2.200000e+01  -2.200000e+01  -1.600000e+01   1.040000e+02  -2.200000e+01  -2.200000e+01
        20
         6              1             14             20             21             26             56
            -2.200000e+01  -2.200000e+01   1.040000e+02  -1.600000e+01  -2.200000e+01  -2.200000e+01
        21
         7              1             15             20             21             22             27             57
            -1.600000e+01  -1.600000e+01  -1.600000e+01   9.600000e+01  -1.600000e+01  -1.600000e+01  -1.600000e+01
        22
         7              1             16             21             22             23             28             58
            -1.600000e+01  -1.600000e+01  -1.600000e+01   9.600000e+01  -1.600000e+01  -1.600000e+01  -1.600000e+01
        23
         7              1             17             22             23             24             29             59
            -1.600000e+01  -1.600000e+01  -1.600000e+01   9.600000e+01  -1.600000e+01  -1.600000e+01  -1.600000e+01
        24
         7              1             18             23             24             25             30             60
            -1.600000e+01  -1.600000e+01  -1.600000e+01   9.600000e+01  -1.600000e+01  -1.600000e+01  -1.600000e+01
        25
         6              1             19             24             25             31             61
            -2.200000e+01  -2.200000e+01  -1.600000e+01   1.040000e+02  -2.200000e+01  -2.200000e+01
        26
         6              1             20             26             27             32             62
            -1.900000e+01  -1.900000e+01   7.700000e+01  -7.000000e+00  -1.600000e+01  -1.600000e+01
        27
         7              1             21             26             27             28             33             63
            -1.300000e+01  -1.600000e+01  -1.000000e+01   7.800000e+01  -1.600000e+01  -1.000000e+01  -1.300000e+01
        28
         7              1             22             27             28             29             34             64
            -1.600000e+01  -1.600000e+01  -1.600000e+01   9.600000e+01  -1.600000e+01  -1.600000e+01  -1.600000e+01
        29
         7              1             23             28             29             30             35             65
            -1.600000e+01  -1.600000e+01  -1.600000e+01   9.600000e+01  -1.600000e+01  -1.600000e+01  -1.600000e+01
        30
         7              1             24             29             30             31             36             66
            -1.300000e+01  -1.600000e+01  -1.600000e+01   7.800000e+01  -1.000000e+01  -1.000000e+01  -1.300000e+01
        31
         6              1             25             30             31             37             67
            -1.900000e+01  -1.900000e+01  -7.000000e+00   7.700000e+01  -1.600000e+01  -1.600000e+01
        32
         5              1             26             32             33             68
            -6.400000e+01  -1.600000e+01   1.600000e+02  -1.600000e+01  -6.400000e+01
        33
         6              1             27             32             33             34             69
            -1.900000e+01  -7.000000e+00  -1.600000e+01   7.700000e+01  -1.900000e+01  -1.600000e+01
        34
         6              1             28             33             34             35             70
            -2.200000e+01  -1.600000e+01  -2.200000e+01   1.040000e+02  -2.200000e+01  -2.200000e+01
        35
         6              1             29             34             35             36             71
            -2.200000e+01  -1.600000e+01  -2.200000e+01   1.040000e+02  -2.200000e+01  -2.200000e+01
        36
         6              1             30             35             36             37             72
            -1.900000e+01  -7.000000e+00  -1.900000e+01   7.700000e+01  -1.600000e+01  -1.600000e+01
        37
         5              1             31             36             37             73
            -6.400000e+01  -1.600000e+01  -1.600000e+01   1.600000e+02  -6.400000e+01
        38
         5              2             38             39             44             74
            -6.400000e+01   1.600000e+02  -1.600000e+01  -1.600000e+01  -6.400000e+01
        39
         6              3             38             39             40             45             75
            -1.600000e+01  -1.600000e+01   6.800000e+01  -1.600000e+01  -4.000000e+00  -1.600000e+01
        40
         6              4             39             40             41             46             76
            -2.200000e+01  -1.900000e+01   9.500000e+01  -2.200000e+01  -1.300000e+01  -1.900000e+01
        41
         6              5             40             41             42             47             77
            -2.200000e+01  -2.200000e+01   9.500000e+01  -1.900000e+01  -1.300000e+01  -1.900000e+01
        42
         6              6             41             42             43             48             78
            -1.600000e+01  -1.600000e+01   6.800000e+01  -1.600000e+01  -4.000000e+00  -1.600000e+01
        43
         5              7             42             43             49             79
            -6.400000e+01  -1.600000e+01   1.600000e+02  -1.600000e+01  -6.400000e+01
        44
         6              8             38             44             45             50             80
            -1.600000e+01  -1.600000e+01   6.800000e+01  -4.000000e+00  -1.600000e+01  -1.600000e+01
        45
         7              9             39             44             45             46             51             81
            -1.300000e+01  -7.000000e+00  -7.000000e+00   6.000000e+01  -1.300000e+01  -1.300000e+01  -7.000000e+00
        46
         7             10             40             45             46             47             52             82
            -1.600000e+01  -1.600000e+01  -1.600000e+01   9.600000e+01  -1.600000e+01  -1.600000e+01  -1.600000e+01
        47
         7             11             41             46             47             48             53             83
            -1.600000e+01  -1.600000e+01  -1.600000e+01   9.600000e+01  -1.600000e+01  -1.600000e+01  -1.600000e+01
        48
         7             12             42             47             48             49             54             84
            -1.300000e+01  -7.000000e+00  -1.300000e+01   6.000000e+01  -7.000000e+00  -1.300000e+01  -7.000000e+00
        49
         6             13             43             48             49             55             85
            -1.600000e+01  -1.600000e+01  -4.000000e+00   6.800000e+01  -1.600000e+01  -1.600000e+01
        50
         6             14             44             50             51             56             86
            -2.200000e+01  -1.900000e+01   9.500000e+01  -1.300000e+01  -2.200000e+01  -1.900000e+01
        51
         7             15             45             50             51             52             57             87
            -1.600000e+01  -1.600000e+01  -1.600000e+01   9.600000e+01  -1.600000e+01  -1.600000e+01  -1.600000e+01
        52
         7             16             46             51             52             53             58             88
            -1.600000e+01  -1.600000e+01  -1.600000e+01   9.600000e+01  -1.600000e+01  -1.600000e+01  -1.600000e+01
        53
         7             17             47             52             53             54             59             89
            -1.600000e+01  -1.600000e+01  -1.600000e+01   9.600000e+01  -1.600000e+01  -1.600000e+01  -1.600000e+01
        54
         7             18             48             53             54             55             60             90
            -1.600000e+01  -1.600000e+01  -1.600000e+01   9.600000e+01  -1.600000e+01  -1.600000e+01  -1.600000e+01
        55
         6             19             49             54             55             61             91
            -2.200000e+01  -1.900000e+01  -1.300000e+01   9.500000e+01  -2.200000e+01  -1.900000e+01
        56
         6             20             50             56             57             62             92
            -2.200000e+01  -2.200000e+01   9.500000e+01  -1.300000e+01  -1.900000e+01  -1.900000e+01
        57
         7             21             51             56             57             58             63             93
            -1.600000e+01  -1.600000e+01  -1.600000e+01   9.600000e+01  -1.600000e+01  -1.600000e+01  -1.600000e+01
        58
         7             22             52             57             58             59             64             94
            -1.600000e+01  -1.600000e+01  -1.600000e+01   9.600000e+01  -1.600000e+01  -1.600000e+01  -1.600000e+01
        59
         7             23             53             58             59             60             65             95
            -1.600000e+01  -1.600000e+01  -1.600000e+01   9.600000e+01  -1.600000e+01  -1.600000e+01  -1.600000e+01
        60
         7             24             54             59             60             61             66             96
            -1.600000e+01  -1.600000e+01  -1.600000e+01   9.600000e+01  -1.600000e+01  -1.600000e+01  -1.600000e+01
        61
         6             25             55             60             61             67             97
            -2.200000e+01  -2.200000e+01  -1.300000e+01   9.500000e+01  -1.900000e+01  -1.900000e+01
        62
         6             26             56             62             63             68             98
            -1.600000e+01  -1.600000e+01   6.800000e+01  -4.000000e+00  -1.600000e+01  -1.600000e+01
        63
         7             27             57             62             63             64             69             99
            -1.300000e+01  -1.300000e+01  -7.000000e+00   6.000000e+01  -1.300000e+01  -7.000000e+00  -7.000000e+00
        64
         7             28             58             63             64             65             70            100
            -1.600000e+01  -1.600000e+01  -1.600000e+01   9.600000e+01  -1.600000e+01  -1.600000e+01  -1.600000e+01
        65
         7             29             59             64             65             66             71            101
            -1.600000e+01  -1.600000e+01  -1.600000e+01   9.600000e+01  -1.600000e+01  -1.600000e+01  -1.600000e+01
        66
         7             30             60             65             66             67             72            102
            -1.300000e+01  -1.300000e+01  -1.300000e+01   6.000000e+01  -7.000000e+00  -7.000000e+00  -7.000000e+00
        67
         6             31             61             66             67             73            103
            -1.600000e+01  -1.600000e+01  -4.000000e+00   6.800000e+01  -1.600000e+01  -1.600000e+01
        68
         5             32             62             68             69            104
            -6.400000e+01  -1.600000e+01   1.600000e+02  -1.600000e+01  -6.400000e+01
        69
         6             33             63             68             69             70            105
            -1.600000e+01  -4.000000e+00  -1.600000e+01   6.800000e+01  -1.600000e+01  -1.600000e+01
        70
         6             34             64             69             70             71            106
            -2.200000e+01  -1.300000e+01  -1.900000e+01   9.500000e+01  -2.200000e+01  -1.900000e+01
        71
         6             35             65             70             71             72            107
            -2.200000e+01  -1.300000e+01  -2.200000e+01   9.500000e+01  -1.900000e+01  -1.900000e+01
        72
         6             36             66             71             72             73            108
            -1.600000e+01  -4.000000e+00  -1.600000e+01   6.800000e+01  -1.600000e+01  -1.600000e+01
        73
         5             37             67             72             73            109
            -6.400000e+01  -1.600000e+01  -1.600000e+01   1.600000e+02  -6.400000e+01
        74
         5             38             74             75             80            110
            -6.400000e+01   1.600000e+02  -1.600000e+01  -1.600000e+01  -6.400000e+01
        75
         6             39             74             75             76             81            111
            -1.600000e+01  -1.600000e+01   6.800000e+01  -1.600000e+01  -4.000000e+00  -1.600000e+01
        76
         6             40             75             76             77             82            112
            -1.600000e+01  -1.600000e+01   6.800000e+01  -1.600000e+01  -4.000000e+00  -1.600000e+01
        77
         6             41             76             77             78             83            113
            -1.600000e+01  -1.600000e+01   6.800000e+01  -1.600000e+01  -4.000000e+00  -1.600000e+01
        78
         6             42             77             78             79             84            114
            -1.600000e+01  -1.600000e+01   6.800000e+01  -1.600000e+01  -4.000000e+00  -1.600000e+01
        79
         5             43             78             79             85            115
            -6.400000e+01  -1.600000e+01   1.600000e+02  -1.600000e+01  -6.400000e+01
        80
         6             44             74             80             81             86            116
            -1.600000e+01  -1.600000e+01   6.800000e+01  -4.000000e+00  -1.600000e+01  -1.600000e+01
        81
         7             45             75             80             81             82             87            117
            -4.000000e+00  -4.000000e+00  -4.000000e+00   2.400000e+01  -4.000000e+00  -4.000000e+00  -4.000000e+00
        82
         7             46             76             81             82             83             88            118
            -1.000000e+01  -4.000000e+00  -7.000000e+00   4.200000e+01  -7.000000e+00  -1.000000e+01  -4.000000e+00
        83
         7             47             77             82             83             84             89            119
            -1.000000e+01  -4.000000e+00  -7.000000e+00   4.200000e+01  -7.000000e+00  -1.000000e+01  -4.000000e+00
        84
         7             48             78             83             84             85             90            120
            -4.000000e+00  -4.000000e+00  -4.000000e+00   2.400000e+01  -4.000000e+00  -4.000000e+00  -4.000000e+00
        85
         6             49             79             84             85             91            121
            -1.600000e+01  -1.600000e+01  -4.000000e+00   6.800000e+01  -1.600000e+01  -1.600000e+01
        86
         6             50             80             86             87             92            122
            -1.600000e+01  -1.600000e+01   6.800000e+01  -4.000000e+00  -1.600000e+01  -1.600000e+01
        87
         7             51             81             86             87             88             93            123
            -1.000000e+01  -7.000000e+00  -4.000000e+00   4.200000e+01  -1.000000e+01  -7.000000e+00  -4.000000e+00
        88
         7             52             82             87             88             89             94            124
            -1.600000e+01  -1.600000e+01  -1.600000e+01   9.600000e+01  -1.600000e+01  -1.600000e+01  -1.600000e+01
        89
         7             53             83             88             89             90             95            125
            -1.600000e+01  -1.600000e+01  -1.600000e+01   9.600000e+01  -1.600000e+01  -1.600000e+01  -1.600000e+01
        90
         7             54             84             89             90             91             96            126
            -1.000000e+01  -7.000000e+00  -1.000000e+01   4.200000e+01  -4.000000e+00  -7.000000e+00  -4.000000e+00
        91
         6             55             85             90             91             97            127
            -1.600000e+01  -1.600000e+01  -4.000000e+00   6.800000e+01  -1.600000e+01  -1.600000e+01
        92
         6             56             86             92             93             98            128
            -1.600000e+01  -1.600000e+01   6.800000e+01  -4.000000e+00  -1.600000e+01  -1.600000e+01
        93
         7             57             87             92             93             94             99            129
            -1.000000e+01  -7.000000e+00  -4.000000e+00   4.200000e+01  -1.000000e+01  -7.000000e+00  -4.000000e+00
        94
         7             58             88             93             94             95            100            130
            -1.600000e+01  -1.600000e+01  -1.600000e+01   9.600000e+01  -1.600000e+01  -1.600000e+01  -1.600000e+01
        95
         7             59             89             94             95             96            101            131
            -1.600000e+01  -1.600000e+01  -1.600000e+01   9.600000e+01  -1.600000e+01  -1.600000e+01  -1.600000e+01
        96
         7             60             90             95             96             97            102            132
            -1.000000e+01  -7.000000e+00  -1.000000e+01   4.200000e+01  -4.000000e+00  -7.000000e+00  -4.000000e+00
        97
         6             61             91             96             97            103            133
            -1.600000e+01  -1.600000e+01  -4.000000e+00   6.800000e+01  -1.600000e+01  -1.600000e+01
        98
         6             62             92             98             99            104            134
            -1.600000e+01  -1.600000e+01   6.800000e+01  -4.000000e+00  -1.600000e+01  -1.600000e+01
        99
         7             63             93             98             99            100            105            135
            -4.000000e+00  -4.000000e+00  -4.000000e+00   2.400000e+01  -4.000000e+00  -4.000000e+00  -4.000000e+00
       100
         7             64             94             99            100            101            106            136
            -1.000000e+01  -1.000000e+01  -7.000000e+00   4.200000e+01  -7.000000e+00  -4.000000e+00  -4.000000e+00
       101
         7             65             95            100            101            102            107            137
            -1.000000e+01  -1.000000e+01  -7.000000e+00   4.200000e+01  -7.000000e+00  -4.000000e+00  -4.000000e+00
       102
         7             66             96            101            102            103            108            138
            -4.000000e+00  -4.000000e+00  -4.000000e+00   2.400000e+01  -4.000000e+00  -4.000000e+00  -4.000000e+00
       103
         6             67             97            102            103            109            139
            -1.600000e+01  -1.600000e+01  -4.000000e+00   6.800000e+01  -1.600000e+01  -1.600000e+01
       104
         5             68             98            104            105            140
            -6.400000e+01  -1.600000e+01   1.600000e+02  -1.600000e+01  -6.400000e+01
       105
         6             69             99            104            105            106            141
            -1.600000e+01  -4.000000e+00  -1.600000e+01   6.800000e+01  -1.600000e+01  -1.600000e+01
       106
         6             70            100            105            106            107            142
            -1.600000e+01  -4.000000e+00  -1.600000e+01   6.800000e+01  -1.600000e+01  -1.600000e+01
       107
         6             71            101            106            107            108            143
            -1.600000e+01  -4.000000e+00  -1.600000e+01   6.800000e+01  -1.600000e+01  -1.600000e+01
       108
         6             72            102            107            108            109            144
            -1.600000e+01  -4.000000e+00  -1.600000e+01   6.800000e+01  -1.600000e+01  -1.600000e+01
       109
         5             73            103            108            109            145
            -6.400000e+01  -1.600000e+01  -1.600000e+01   1.600000e+02  -6.400000e+01
       110
         5             74            110            111            116            146
            -6.400000e+01   1.440000e+02  -8.000000e+00  -8.000000e+00  -6.400000e+01
       111
         6             75            110            111            112            117            146
            -1.600000e+01  -8.000000e+00   5.000000e+01  -8.000000e+00  -2.000000e+00  -1.600000e+01
       112
         6             76            111            112            113            118            146
            -1.600000e+01  -8.000000e+00   5.000000e+01  -8.000000e+00  -2.000000e+00  -1.600000e+01
       113
         6             77            112            113            114            119            146
            -1.600000e+01  -8.000000e+00   5.000000e+01  -8.000000e+00  -2.000000e+00  -1.600000e+01
       114
         6             78            113            114            115            120            146
            -1.600000e+01  -8.000000e+00   5.000000e+01  -8.000000e+00  -2.000000e+00  -1.600000e+01
       115
         5             79            114            115            121            146
            -6.400000e+01  -8.000000e+00   1.440000e+02  -8.000000e+00  -6.400000e+01
       116
         6             80            110            116            117            122            146
            -1.600000e+01  -8.000000e+00   5.000000e+01  -2.000000e+00  -8.000000e+00  -1.600000e+01
       117
         7             81            111            116            117            118            123            146
            -4.000000e+00  -2.000000e+00  -2.000000e+00   1.600000e+01  -2.000000e+00  -2.000000e+00  -4.000000e+00
       118
         7             82            112            117            118            119            124            146
            -4.000000e+00  -2.000000e+00  -2.000000e+00   1.600000e+01  -2.000000e+00  -2.000000e+00  -4.000000e+00
       119
         7             83            113            118            119            120            125            146
            -4.000000e+00  -2.000000e+00  -2.000000e+00   1.600000e+01  -2.000000e+00  -2.000000e+00  -4.000000e+00
       120
         7             84            114            119            120            121            126            146
            -4.000000e+00  -2.000000e+00  -2.000000e+00   1.600000e+01  -2.000000e+00  -2.000000e+00  -4.000000e+00
       121
         6             85            115            120            121            127            146
            -1.600000e+01  -8.000000e+00  -2.000000e+00   5.000000e+01  -8.000000e+00  -1.600000e+01
       122
         6             86            116            122            123            128            146
            -1.600000e+01  -8.000000e+00   5.000000e+01  -2.000000e+00  -8.000000e+00  -1.600000e+01
       123
         7             87            117            122            123            124            129            146
            -4.000000e+00  -2.000000e+00  -2.000000e+00   1.600000e+01  -2.000000e+00  -2.000000e+00  -4.000000e+00
       124
         7             88            118            123            124            125            130            146
            -7.000000e+00  -2.000000e+00  -2.000000e+00   2.800000e+01  -5.000000e+00  -5.000000e+00  -7.000000e+00
       125
         7             89            119            124            125            126            131            146
            -7.000000e+00  -2.000000e+00  -5.000000e+00   2.800000e+01  -2.000000e+00  -5.000000e+00  -7.000000e+00
       126
         7             90            120            125            126            127            132            146
            -4.000000e+00  -2.000000e+00  -2.000000e+00   1.600000e+01  -2.000000e+00  -2.000000e+00  -4.000000e+00
       127
         6             91            121            126            127            133            146
            -1.600000e+01  -8.000000e+00  -2.000000e+00   5.000000e+01  -8.000000e+00  -1.600000e+01
       128
         6             92            122            128            129            134            146
            -1.600000e+01  -8.000000e+00   5.000000e+01  -2.000000e+00  -8.000000e+00  -1.600000e+01
       129
         7             93            123            128            129            130            135            146
            -4.000000e+00  -2.000000e+00  -2.000000e+00   1.600000e+01  -2.000000e+00  -2.000000e+00  -4.000000e+00
       130
         7             94            124            129            130            131            136            146
            -7.000000e+00  -5.000000e+00  -2.000000e+00   2.800000e+01  -5.000000e+00  -2.000000e+00  -7.000000e+00
       131
         7             95            125            130            131            132            137            146
            -7.000000e+00  -5.000000e+00  -5.000000e+00   2.800000e+01  -2.000000e+00  -2.000000e+00  -7.000000e+00
       132
         7             96            126            131            132            133            138            146
            -4.000000e+00  -2.000000e+00  -2.000000e+00   1.600000e+01  -2.000000e+00  -2.000000e+00  -4.000000e+00
       133
         6             97            127            132            133            139            146
            -1.600000e+01  -8.000000e+00  -2.000000e+00   5.000000e+01  -8.000000e+00  -1.600000e+01
       134
         6             98            128            134            135            140            146
            -1.600000e+01  -8.000000e+00   5.000000e+01  -2.000000e+00  -8.000000e+00  -1.600000e+01
       135
         7             99            129            134            135            136            141            146
            -4.000000e+00  -2.000000e+00  -2.000000e+00   1.600000e+01  -2.000000e+00  -2.000000e+00  -4.000000e+00
       136
         7            100            130            135            136            137            142            146
            -4.000000e+00  -2.000000e+00  -2.000000e+00   1.600000e+01  -2.000000e+00  -2.000000e+00  -4.000000e+00
       137
         7            101            131            136            137            138            143            146
            -4.000000e+00  -2.000000e+00  -2.000000e+00   1.600000e+01  -2.000000e+00  -2.000000e+00  -4.000000e+00
       138
         7            102            132            137            138            139            144            146
            -4.000000e+00  -2.000000e+00  -2.000000e+00   1.600000e+01  -2.000000e+00  -2.000000e+00  -4.000000e+00
       139
         6            103            133            138            139            145            146
            -1.600000e+01  -8.000000e+00  -2.000000e+00   5.000000e+01  -8.000000e+00  -1.600000e+01
       140
         5            104            134            140            141            146
            -6.400000e+01  -8.000000e+00   1.440000e+02  -8.000000e+00  -6.400000e+01
       141
         6            105            135            140            141            142            146
            -1.600000e+01  -2.000000e+00  -8.000000e+00   5.000000e+01  -8.000000e+00  -1.600000e+01
       142
         6            106            136            141            142            143            146
            -1.600000e+01  -2.000000e+00  -8.000000e+00   5.000000e+01  -8.000000e+00  -1.600000e+01
       143
         6            107            137            142            143            144            146
            -1.600000e+01  -2.000000e+00  -8.000000e+00   5.000000e+01  -8.000000e+00  -1.600000e+01
       144
         6            108            138            143            144            145            146
            -1.600000e+01  -2.000000e+00  -8.000000e+00   5.000000e+01  -8.000000e+00  -1.600000e+01
       145
         5            109            139            144            145            146
            -6.400000e+01  -8.000000e+00  -8.000000e+00   1.440000e+02  -6.400000e+01
       146
        37            110            111            112            113            114            115            116            117            118            119            120            121            122            123            124            125            126            127            128            129            130            131            132            133            134            135            136            137            138            139            140            141            142            143            144            145            146
            -6.400000e+01  -1.600000e+01  -1.600000e+01  -1.600000e+01  -1.600000e+01  -6.400000e+01  -1.600000e+01  -4.000000e+00  -4.000000e+00  -4.000000e+00  -4.000000e+00  -1.600000e+01  -1.600000e+01  -4.000000e+00  -4.000000e+00  -4.000000e+00  -4.000000e+00  -1.600000e+01  -1.600000e+01  -4.000000e+00  -4.000000e+00  -4.000000e+00  -4.000000e+00  -1.600000e+01  -1.600000e+01  -4.000000e+00  -4.000000e+00  -4.000000e+00  -4.000000e+00  -1.600000e+01  -6.400000e+01  -1.600000e+01  -1.600000e+01  -1.600000e+01  -1.600000e+01  -6.400000e+01   5.760000e+02
