MT    37
    1    1     -12.666000     -12.666000
  4
   0.001 -9.4016E-05  6.9950E-05  6.0537E-04 -6.0575E-04 -6.0464E-04  6.0605E-04  1.0502E-04 -8.0212E-05  4.2812E-05  4.2812E-05  4.2812E-05  4.2812E-05  4.2812E-05  4.2812E-05  4.2812E-05  4.2812E-05
    0.01 -2.6607E-04  6.2436E-05  1.8984E-03 -1.9048E-03 -1.8947E-03  1.9151E-03  2.9811E-04 -8.8669E-05  1.3458E-04  1.3458E-04  1.3458E-04  1.3458E-04  1.3458E-04  1.3458E-04  1.3458E-04  1.3458E-04
     0.1 -1.8101E-04 -3.2746E-04  5.7115E-03 -6.9946E-03 -5.6983E-03  7.1323E-03  2.4929E-04  2.2983E-04  4.5398E-04  4.5398E-04  4.5398E-04  4.5398E-04  4.5398E-04  4.5398E-04  4.5398E-04  4.5398E-04
       1  1.1118E-04 -1.1945E-03  2.0329E-02 -2.5178E-02 -2.0381E-02  2.6987E-02  3.8794E-04  7.4504E-04  1.6541E-03  1.6541E-03  1.6541E-03  1.6541E-03  1.6541E-03  1.6541E-03  1.6541E-03  1.6541E-03
    2    2     -12.666000      -8.666000
  4
   0.001 -9.5131E-05  6.9952E-05  6.0173E-04 -6.0147E-04 -5.2740E-04  5.4575E-04  9.5688E-05 -7.0694E-05  4.0178E-05  4.0178E-05  4.0178E-05  4.0178E-05  4.0178E-05  4.0178E-05  4.0178E-05  4.0178E-05
    0.01 -2.7010E-04  5.6696E-05  1.8789E-03 -1.8850E-03 -1.6669E-03  1.8351E-03  2.7224E-04 -5.7701E-05  1.2843E-04  1.2843E-04  1.2843E-04  1.2843E-04  1.2843E-04  1.2843E-04  1.2843E-04  1.2843E-04
     0.1 -2.3480E-04 -4.7736E-04  5.4413E-03 -7.2309E-03 -5.2672E-03  7.5454E-03  2.7467E-04  5.0033E-04  4.5627E-04  4.5627E-04  4.5627E-04  4.5627E-04  4.5627E-04  4.5627E-04  4.5627E-04  4.5627E-04
       1 -1.3740E-04 -2.8392E-03  2.0042E-02 -2.9067E-02 -1.9969E-02  3.0903E-02  3.6267E-04  3.7033E-03  1.8021E-03  1.8021E-03  1.8021E-03  1.8021E-03  1.8021E-03  1.8021E-03  1.8021E-03  1.8021E-03
    3    3     -12.666000      -4.666000
  4
   0.001 -4.7694E-05  2.9659E-05  6.0763E-04 -6.0629E-04 -4.4888E-04  4.8099E-04  5.8238E-05 -4.3624E-05  3.7574E-05  3.7574E-05  3.7574E-05  3.7574E-05  3.7574E-05  3.7574E-05  3.7574E-05  3.7574E-05
    0.01 -1.3219E-04 -2.2102E-05  1.8916E-03 -1.8909E-03 -1.4352E-03  1.7187E-03  1.6530E-04 -4.2313E-05  1.2236E-04  1.2236E-04  1.2236E-04  1.2236E-04  1.2236E-04  1.2236E-04  1.2236E-04  1.2236E-04
     0.1 -6.1367E-05 -6.6476E-04  5.3551E-03 -7.4136E-03 -4.8016E-03  7.6274E-03  1.4901E-04  2.3654E-04  4.5395E-04  4.5395E-04  4.5395E-04  4.5395E-04  4.5395E-04  4.5395E-04  4.5395E-04  4.5395E-04
       1 -5.5929E-05 -5.1760E-03  2.0634E-02 -3.1227E-02 -1.9527E-02  3.1916E-02 -2.9136E-04  1.0091E-03  1.8711E-03  1.8711E-03  1.8711E-03  1.8711E-03  1.8711E-03  1.8711E-03  1.8711E-03  1.8711E-03
    4    4     -12.666000       5.333000
  4
   0.001  6.9221E-05 -5.3602E-05  6.1805E-04 -6.1046E-04 -4.5997E-04  4.8707E-04 -4.1859E-05  3.2102E-05  3.8144E-05  3.8144E-05  3.8144E-05  3.8144E-05  3.8144E-05  3.8144E-05  3.8144E-05  3.8144E-05
    0.01  1.9622E-04 -5.7695E-05  1.9210E-03 -1.8636E-03 -1.4713E-03  1.6995E-03 -1.1452E-04  3.5042E-05  1.2264E-04  1.2264E-04  1.2264E-04  1.2264E-04  1.2264E-04  1.2264E-04  1.2264E-04  1.2264E-04
     0.1  1.1504E-04  1.0364E-04  5.4124E-03 -6.9939E-03 -4.9598E-03  7.1988E-03 -3.0441E-05  2.9097E-05  4.3963E-04  4.3963E-04  4.3963E-04  4.3963E-04  4.3963E-04  4.3963E-04  4.3963E-04  4.3963E-04
       1 -1.2525E-04 -7.2937E-04  2.0336E-02 -2.7024E-02 -2.0531E-02  2.6257E-02  1.5275E-04  1.4382E-03  1.6788E-03  1.6788E-03  1.6788E-03  1.6788E-03  1.6788E-03  1.6788E-03  1.6788E-03  1.6788E-03
    5    5     -12.666000       9.333000
  4
   0.001  9.8679E-05 -7.7734E-05  5.8821E-04 -5.8970E-04 -5.3672E-04  5.5188E-04 -7.0571E-05  5.2243E-05  4.0037E-05  4.0037E-05  4.0037E-05  4.0037E-05  4.0037E-05  4.0037E-05  4.0037E-05  4.0037E-05
    0.01  2.8177E-04 -9.7284E-05  1.8393E-03 -1.8603E-03 -1.6971E-03  1.8274E-03 -1.9524E-04  4.0654E-05  1.2771E-04  1.2771E-04  1.2771E-04  1.2771E-04  1.2771E-04  1.2771E-04  1.2771E-04  1.2771E-04
     0.1  2.1293E-04  5.8779E-05  5.4204E-03 -7.1542E-03 -5.3566E-03  7.2992E-03 -8.3139E-05 -1.8542E-04  4.5073E-04  4.5073E-04  4.5073E-04  4.5073E-04  4.5073E-04  4.5073E-04  4.5073E-04  4.5073E-04
       1  4.4014E-05 -1.4000E-03  2.0301E-02 -2.7596E-02 -2.0235E-02  2.7989E-02 -5.6747E-05 -3.6257E-04  1.7199E-03  1.7199E-03  1.7199E-03  1.7199E-03  1.7199E-03  1.7199E-03  1.7199E-03  1.7199E-03
    6    6     -12.666000      13.333000
  4
   0.001  1.0047E-04 -7.6789E-05  5.9796E-04 -6.0270E-04 -6.1814E-04  6.1912E-04 -9.6593E-05  7.2493E-05  4.3092E-05  4.3092E-05  4.3092E-05  4.3092E-05  4.3092E-05  4.3092E-05  4.3092E-05  4.3092E-05
    0.01  2.8834E-04 -7.2978E-05  1.8757E-03 -1.9267E-03 -1.9394E-03  1.9463E-03 -2.7042E-04  6.5514E-05  1.3591E-04  1.3591E-04  1.3591E-04  1.3591E-04  1.3591E-04  1.3591E-04  1.3591E-04  1.3591E-04
     0.1  1.7626E-04  2.9822E-04  5.7014E-03 -7.3240E-03 -5.8043E-03  7.1844E-03 -1.5698E-04 -2.3644E-04  4.6294E-04  4.6294E-04  4.6294E-04  4.6294E-04  4.6294E-04  4.6294E-04  4.6294E-04  4.6294E-04
       1 -1.9011E-04  5.5207E-04  2.0491E-02 -2.7995E-02 -2.0300E-02  2.7195E-02 -2.9387E-04 -6.4127E-04  1.7156E-03  1.7156E-03  1.7156E-03  1.7156E-03  1.7156E-03  1.7156E-03  1.7156E-03  1.7156E-03
    7    7      -8.666000     -12.666000
  4
   0.001 -8.3433E-05  6.4567E-05  5.1324E-04 -5.2989E-04 -6.0588E-04  6.0473E-04  9.7241E-05 -7.3685E-05  3.9733E-05  3.9733E-05  3.9733E-05  3.9733E-05  3.9733E-05  3.9733E-05  3.9733E-05  3.9733E-05
    0.01 -2.3779E-04  8.0334E-05  1.6248E-03 -1.7717E-03 -1.8903E-03  1.8922E-03  2.7621E-04 -7.5731E-05  1.2678E-04  1.2678E-04  1.2678E-04  1.2678E-04  1.2678E-04  1.2678E-04  1.2678E-04  1.2678E-04
     0.1 -2.4629E-04 -1.3510E-04  5.1863E-03 -7.1360E-03 -5.4662E-03  7.2331E-03  2.4125E-04  2.9336E-04  4.4716E-04  4.4716E-04  4.4716E-04  4.4716E-04  4.4716E-04  4.4716E-04  4.4716E-04  4.4716E-04
       1 -4.2185E-04 -2.4258E-04  2.0070E-02 -2.6529E-02 -2.0042E-02  2.9392E-02  3.1160E-04  1.3337E-03  1.7200E-03  1.7200E-03  1.7200E-03  1.7200E-03  1.7200E-03  1.7200E-03  1.7200E-03  1.7200E-03
    8    8      -8.666000      -8.666000
  4
   0.001 -7.4826E-05  5.6044E-05  4.9886E-04 -5.1328E-04 -5.0165E-04  5.1772E-04  6.0946E-05 -4.5353E-05  3.5916E-05  3.5916E-05  3.5916E-05  3.5916E-05  3.5916E-05  3.5916E-05  3.5916E-05  3.5916E-05
    0.01 -2.1063E-04  5.5970E-05  1.5741E-03 -1.6992E-03 -1.5829E-03  1.7259E-03  1.7011E-04 -3.9575E-05  1.1645E-04  1.1645E-04  1.1645E-04  1.1645E-04  1.1645E-04  1.1645E-04  1.1645E-04  1.1645E-04
     0.1 -1.8098E-04 -2.4282E-04  4.8439E-03 -7.0325E-03 -4.9032E-03  7.2235E-03  1.0670E-04  1.7849E-04  4.3172E-04  4.3172E-04  4.3172E-04  4.3172E-04  4.3172E-04  4.3172E-04  4.3172E-04  4.3172E-04
       1  1.3799E-05 -8.0710E-04  2.0179E-02 -2.6947E-02 -2.0567E-02  2.8391E-02  1.9914E-04  5.3755E-04  1.7177E-03  1.7177E-03  1.7177E-03  1.7177E-03  1.7177E-03  1.7177E-03  1.7177E-03  1.7177E-03
    9    9      -8.666000      -4.666000
  4
   0.001 -4.6990E-05  3.6345E-05  4.7768E-04 -4.9502E-04 -4.0106E-04  4.3458E-04  3.5821E-05 -2.7625E-05  3.1891E-05  3.1891E-05  3.1891E-05  3.1891E-05  3.1891E-05  3.1891E-05  3.1891E-05  3.1891E-05
    0.01 -1.3140E-04  4.9920E-05  1.5078E-03 -1.6564E-03 -1.2893E-03  1.5713E-03  9.9258E-05 -3.4189E-05  1.0668E-04  1.0668E-04  1.0668E-04  1.0668E-04  1.0668E-04  1.0668E-04  1.0668E-04  1.0668E-04
     0.1 -1.0825E-04 -1.8963E-05  4.6472E-03 -7.1255E-03 -4.3706E-03  7.2208E-03  4.0354E-05 -1.3007E-05  4.2368E-04  4.2368E-04  4.2368E-04  4.2368E-04  4.2368E-04  4.2368E-04  4.2368E-04  4.2368E-04
       1  2.0041E-04  1.1634E-03  2.0559E-02 -2.7607E-02 -2.0678E-02  2.7644E-02 -1.2670E-05 -1.2820E-03  1.7236E-03  1.7236E-03  1.7236E-03  1.7236E-03  1.7236E-03  1.7236E-03  1.7236E-03  1.7236E-03
   10   10      -8.666000       5.333000
  4
   0.001  5.6887E-05 -4.4294E-05  4.8400E-04 -4.9729E-04 -4.2432E-04  4.5289E-04 -4.4940E-05  3.5354E-05  3.2813E-05  3.2813E-05  3.2813E-05  3.2813E-05  3.2813E-05  3.2813E-05  3.2813E-05  3.2813E-05
    0.01  1.6135E-04 -5.1034E-05  1.5248E-03 -1.6375E-03 -1.3600E-03  1.5946E-03 -1.2331E-04  4.8121E-05  1.0828E-04  1.0828E-04  1.0828E-04  1.0828E-04  1.0828E-04  1.0828E-04  1.0828E-04  1.0828E-04
     0.1  1.1087E-04  8.4314E-05  4.6669E-03 -6.8740E-03 -4.5286E-03  7.0412E-03 -7.8049E-05  7.9028E-05  4.1700E-04  4.1700E-04  4.1700E-04  4.1700E-04  4.1700E-04  4.1700E-04  4.1700E-04  4.1700E-04
       1 -3.3447E-04 -8.0048E-04  2.0498E-02 -2.5074E-02 -2.0444E-02  2.5837E-02  9.5396E-05  1.8135E-03  1.6333E-03  1.6333E-03  1.6333E-03  1.6333E-03  1.6333E-03  1.6333E-03  1.6333E-03  1.6333E-03
   11   11      -8.666000       9.333000
  4
   0.001  7.0810E-05 -5.4339E-05  5.0024E-04 -5.1421E-04 -5.1932E-04  5.3114E-04 -6.9889E-05  5.2626E-05  3.6500E-05  3.6500E-05  3.6500E-05  3.6500E-05  3.6500E-05  3.6500E-05  3.6500E-05  3.6500E-05
    0.01  2.0048E-04 -5.4823E-05  1.5799E-03 -1.7000E-03 -1.6385E-03  1.7352E-03 -1.9292E-04  5.0699E-05  1.1767E-04  1.1767E-04  1.1767E-04  1.1767E-04  1.1767E-04  1.1767E-04  1.1767E-04  1.1767E-04
     0.1  1.2751E-04  1.4639E-04  4.9445E-03 -6.9361E-03 -5.0603E-03  6.9842E-03 -1.0356E-04 -1.1221E-04  4.2856E-04  4.2856E-04  4.2856E-04  4.2856E-04  4.2856E-04  4.2856E-04  4.2856E-04  4.2856E-04
       1  1.8136E-05 -1.6326E-04  2.0630E-02 -2.4802E-02 -2.0694E-02  2.5341E-02 -5.1565E-05  4.6510E-04  1.6244E-03  1.6244E-03  1.6244E-03  1.6244E-03  1.6244E-03  1.6244E-03  1.6244E-03  1.6244E-03
   12   12      -8.666000      13.333000
  4
   0.001  9.1200E-05 -6.9573E-05  5.5277E-04 -5.6297E-04 -6.1975E-04  6.1673E-04 -8.9593E-05  6.5532E-05  4.1528E-05  4.1528E-05  4.1528E-05  4.1528E-05  4.1528E-05  4.1528E-05  4.1528E-05  4.1528E-05
    0.01  2.6091E-04 -6.6559E-05  1.7427E-03 -1.8363E-03 -1.9361E-03  1.9107E-03 -2.5137E-04  4.4005E-05  1.3121E-04  1.3121E-04  1.3121E-04  1.3121E-04  1.3121E-04  1.3121E-04  1.3121E-04  1.3121E-04
     0.1  2.0328E-04  2.9737E-04  5.4715E-03 -7.1004E-03 -5.6407E-03  7.1260E-03 -1.4287E-04 -4.2406E-04  4.5130E-04  4.5130E-04  4.5130E-04  4.5130E-04  4.5130E-04  4.5130E-04  4.5130E-04  4.5130E-04
       1 -5.2101E-05  1.1247E-03  2.0478E-02 -2.5453E-02 -2.0825E-02  2.6905E-02  2.2308E-04 -2.0479E-03  1.6669E-03  1.6669E-03  1.6669E-03  1.6669E-03  1.6669E-03  1.6669E-03  1.6669E-03  1.6669E-03
   13   13      -4.666000     -12.666000
  4
   0.001 -4.5274E-05  3.2891E-05  4.4604E-04 -4.7363E-04 -6.0905E-04  6.0215E-04  5.8360E-05 -4.3923E-05  3.7323E-05  3.7323E-05  3.7323E-05  3.7323E-05  3.7323E-05  3.7323E-05  3.7323E-05  3.7323E-05
    0.01 -1.2775E-04  2.3100E-05  1.4289E-03 -1.6623E-03 -1.8941E-03  1.8442E-03  1.6402E-04 -4.3618E-05  1.2036E-04  1.2036E-04  1.2036E-04  1.2036E-04  1.2036E-04  1.2036E-04  1.2036E-04  1.2036E-04
     0.1 -9.0587E-05 -2.3650E-04  4.8892E-03 -7.0296E-03 -5.4098E-03  6.9051E-03  1.1754E-04  1.5858E-04  4.3333E-04  4.3333E-04  4.3333E-04  4.3333E-04  4.3333E-04  4.3333E-04  4.3333E-04  4.3333E-04
       1  1.9427E-04 -1.1491E-03  2.0347E-02 -2.4432E-02 -2.0506E-02  2.5784E-02 -1.0550E-05  2.7683E-04  1.6182E-03  1.6182E-03  1.6182E-03  1.6182E-03  1.6182E-03  1.6182E-03  1.6182E-03  1.6182E-03
   14   14      -4.666000      -8.666000
  4
   0.001 -4.2360E-05  2.9869E-05  4.0506E-04 -4.3746E-04 -5.0156E-04  5.1292E-04  6.1560E-05 -4.6892E-05  3.2699E-05  3.2699E-05  3.2699E-05  3.2699E-05  3.2699E-05  3.2699E-05  3.2699E-05  3.2699E-05
    0.01 -1.1885E-04  1.4032E-05  1.3008E-03 -1.5727E-03 -1.5745E-03  1.6776E-03  1.7327E-04 -5.2947E-05  1.0835E-04  1.0835E-04  1.0835E-04  1.0835E-04  1.0835E-04  1.0835E-04  1.0835E-04  1.0835E-04
     0.1 -9.9748E-05 -3.1540E-04  4.3611E-03 -7.1822E-03 -4.7110E-03  7.0467E-03  1.8354E-04  1.5881E-04  4.2197E-04  4.2197E-04  4.2197E-04  4.2197E-04  4.2197E-04  4.2197E-04  4.2197E-04  4.2197E-04
       1  5.1904E-05 -2.1039E-03  2.0619E-02 -2.7621E-02 -2.0380E-02  2.7743E-02  1.5205E-04  7.1381E-04  1.7223E-03  1.7223E-03  1.7223E-03  1.7223E-03  1.7223E-03  1.7223E-03  1.7223E-03  1.7223E-03
   15   15      -4.666000      -4.666000
  4
   0.001 -3.3601E-05  2.5393E-05  3.8286E-04 -4.1526E-04 -3.8144E-04  4.1497E-04  2.2825E-05 -1.6697E-05  2.8212E-05  2.8212E-05  2.8212E-05  2.8212E-05  2.8212E-05  2.8212E-05  2.8212E-05  2.8212E-05
    0.01 -9.4072E-05  3.0256E-05  1.2302E-03 -1.4968E-03 -1.2271E-03  1.5043E-03  6.3631E-05 -1.2779E-05  9.6969E-05  9.6969E-05  9.6969E-05  9.6969E-05  9.6969E-05  9.6969E-05  9.6969E-05  9.6969E-05
     0.1 -1.2866E-04 -9.7386E-05  4.0937E-03 -7.0239E-03 -4.1366E-03  7.0768E-03  6.6588E-05  1.0796E-04  4.0817E-04  4.0817E-04  4.0817E-04  4.0817E-04  4.0817E-04  4.0817E-04  4.0817E-04  4.0817E-04
       1 -9.9826E-05 -7.5421E-04  2.0610E-02 -2.6517E-02 -2.0791E-02  2.6471E-02  1.5391E-04  9.2979E-04  1.6811E-03  1.6811E-03  1.6811E-03  1.6811E-03  1.6811E-03  1.6811E-03  1.6811E-03  1.6811E-03
   16   16      -4.666000       5.333000
  4
   0.001  2.8021E-05 -2.2772E-05  3.7429E-04 -4.0715E-04 -3.8531E-04  4.1810E-04 -1.8339E-05  1.3321E-05  2.8038E-05  2.8038E-05  2.8038E-05  2.8038E-05  2.8038E-05  2.8038E-05  2.8038E-05  2.8038E-05
    0.01  7.8030E-05 -3.3678E-05  1.2062E-03 -1.4739E-03 -1.2383E-03  1.5078E-03 -4.7936E-05  7.9226E-06  9.6385E-05  9.6385E-05  9.6385E-05  9.6385E-05  9.6385E-05  9.6385E-05  9.6385E-05  9.6385E-05
     0.1  2.9215E-05 -8.8562E-05  4.0587E-03 -6.8908E-03 -4.0992E-03  7.0890E-03  1.8480E-05 -1.1400E-05  4.0462E-04  4.0462E-04  4.0462E-04  4.0462E-04  4.0462E-04  4.0462E-04  4.0462E-04  4.0462E-04
       1 -9.7742E-05 -1.8997E-03  2.0554E-02 -2.5217E-02 -2.0618E-02  2.7550E-02  1.8987E-04  8.0680E-04  1.6729E-03  1.6729E-03  1.6729E-03  1.6729E-03  1.6729E-03  1.6729E-03  1.6729E-03  1.6729E-03
   17   17      -4.666000       9.333000
  4
   0.001  5.3357E-05 -3.8370E-05  4.0490E-04 -4.3600E-04 -5.2927E-04  5.3924E-04 -3.8462E-05  2.7558E-05  3.3525E-05  3.3525E-05  3.3525E-05  3.3525E-05  3.3525E-05  3.3525E-05  3.3525E-05  3.3525E-05
    0.01  1.5134E-04 -1.6395E-05  1.3021E-03 -1.5601E-03 -1.6608E-03  1.7479E-03 -1.0332E-04  1.3324E-05  1.1068E-04  1.1068E-04  1.1068E-04  1.1068E-04  1.1068E-04  1.1068E-04  1.1068E-04  1.1068E-04
     0.1  1.0855E-04  3.9440E-04  4.4422E-03 -6.9746E-03 -4.9524E-03  7.2285E-03 -2.0306E-05 -1.3305E-04  4.2561E-04  4.2561E-04  4.2561E-04  4.2561E-04  4.2561E-04  4.2561E-04  4.2561E-04  4.2561E-04
       1 -3.2023E-04  2.4446E-03  2.0481E-02 -2.4779E-02 -2.0589E-02  2.8556E-02  1.0963E-04 -1.6918E-04  1.6821E-03  1.6821E-03  1.6821E-03  1.6821E-03  1.6821E-03  1.6821E-03  1.6821E-03  1.6821E-03
   18   18      -4.666000      13.333000
  4
   0.001  2.6569E-05 -2.0965E-05  4.4615E-04 -4.7731E-04 -6.2279E-04  6.1780E-04 -5.2386E-05  3.8871E-05  3.7853E-05  3.7853E-05  3.7853E-05  3.7853E-05  3.7853E-05  3.7853E-05  3.7853E-05  3.7853E-05
    0.01  7.4593E-05 -2.0365E-05  1.4284E-03 -1.7011E-03 -1.9398E-03  1.8997E-03 -1.4500E-04  3.0294E-05  1.2279E-04  1.2279E-04  1.2279E-04  1.2279E-04  1.2279E-04  1.2279E-04  1.2279E-04  1.2279E-04
     0.1 -6.0828E-05 -6.7264E-05  4.8748E-03 -7.4198E-03 -5.4732E-03  7.2084E-03 -6.3143E-05 -1.4989E-04  4.4819E-04  4.4819E-04  4.4819E-04  4.4819E-04  4.4819E-04  4.4819E-04  4.4819E-04  4.4819E-04
       1 -1.9816E-04 -2.1741E-03  2.0189E-02 -2.8571E-02 -2.0160E-02  2.9222E-02  1.6964E-04 -4.7675E-05  1.7621E-03  1.7621E-03  1.7621E-03  1.7621E-03  1.7621E-03  1.7621E-03  1.7621E-03  1.7621E-03
   19   19       5.333000     -12.666000
  4
   0.001  3.9027E-05 -2.9315E-05  4.5565E-04 -4.8363E-04 -6.1206E-04  6.0533E-04 -7.1030E-05  5.5782E-05  3.7815E-05  3.7815E-05  3.7815E-05  3.7815E-05  3.7815E-05  3.7815E-05  3.7815E-05  3.7815E-05
    0.01  1.0652E-04 -2.6093E-05  1.4575E-03 -1.6962E-03 -1.9028E-03  1.8559E-03 -2.0143E-04  7.5502E-05  1.2191E-04  1.2191E-04  1.2191E-04  1.2191E-04  1.2191E-04  1.2191E-04  1.2191E-04  1.2191E-04
     0.1 -8.2176E-06  1.5869E-05  4.9276E-03 -7.2216E-03 -5.4092E-03  6.9792E-03 -1.5590E-04 -1.8308E-05  4.3931E-04  4.3931E-04  4.3931E-04  4.3931E-04  4.3931E-04  4.3931E-04  4.3931E-04  4.3931E-04
       1 -3.7203E-04 -1.3530E-03  2.0163E-02 -2.6737E-02 -2.0367E-02  2.6821E-02  2.4771E-04  1.5939E-03  1.6791E-03  1.6791E-03  1.6791E-03  1.6791E-03  1.6791E-03  1.6791E-03  1.6791E-03  1.6791E-03
   20   20       5.333000      -8.666000
  4
   0.001  2.8778E-05 -2.1681E-05  4.1487E-04 -4.4734E-04 -4.6228E-04  4.8138E-04 -4.9273E-05  4.0365E-05  3.1906E-05  3.1906E-05  3.1906E-05  3.1906E-05  3.1906E-05  3.1906E-05  3.1906E-05  3.1906E-05
    0.01  7.7822E-05 -1.9296E-05  1.3306E-03 -1.6039E-03 -1.4616E-03  1.6272E-03 -1.3772E-04  6.9631E-05  1.0675E-04  1.0675E-04  1.0675E-04  1.0675E-04  1.0675E-04  1.0675E-04  1.0675E-04  1.0675E-04
     0.1  1.6855E-06 -1.4562E-06  4.4594E-03 -7.3123E-03 -4.5491E-03  7.0677E-03 -1.3734E-04  1.8347E-04  4.2423E-04  4.2423E-04  4.2423E-04  4.2423E-04  4.2423E-04  4.2423E-04  4.2423E-04  4.2423E-04
       1 -4.8472E-05 -9.1557E-04  2.0735E-02 -2.8427E-02 -2.0399E-02  2.7461E-02 -9.1530E-05  2.4603E-03  1.7347E-03  1.7347E-03  1.7347E-03  1.7347E-03  1.7347E-03  1.7347E-03  1.7347E-03  1.7347E-03
   21   21       5.333000      -4.666000
  4
   0.001  3.7307E-05 -3.1099E-05  4.1058E-04 -4.3822E-04 -3.8556E-04  4.1924E-04 -2.6752E-05  1.8721E-05  2.9242E-05  2.9242E-05  2.9242E-05  2.9242E-05  2.9242E-05  2.9242E-05  2.9242E-05  2.9242E-05
    0.01  1.0385E-04 -5.7177E-05  1.3106E-03 -1.5393E-03 -1.2380E-03  1.5207E-03 -7.3139E-05  6.2520E-06  9.9552E-05  9.9552E-05  9.9552E-05  9.9552E-05  9.9552E-05  9.9552E-05  9.9552E-05  9.9552E-05
     0.1  1.1292E-04 -1.7872E-04  4.2103E-03 -7.0452E-03 -4.1353E-03  7.1927E-03 -2.6875E-05 -1.7138E-04  4.1260E-04  4.1260E-04  4.1260E-04  4.1260E-04  4.1260E-04  4.1260E-04  4.1260E-04  4.1260E-04
       1  1.6692E-04 -2.1582E-03  2.0408E-02 -2.7497E-02 -2.0679E-02  2.8096E-02  2.7143E-04 -6.7790E-04  1.7281E-03  1.7281E-03  1.7281E-03  1.7281E-03  1.7281E-03  1.7281E-03  1.7281E-03  1.7281E-03
   22   22       5.333000       5.333000
  4
   0.001 -3.0299E-05  2.3593E-05  3.9221E-04 -4.2356E-04 -4.1109E-04  4.3817E-04  4.4465E-05 -3.3345E-05  2.9446E-05  2.9446E-05  2.9446E-05  2.9446E-05  2.9446E-05  2.9446E-05  2.9446E-05  2.9446E-05
    0.01 -8.3181E-05  3.4617E-05  1.2602E-03 -1.5162E-03 -1.3136E-03  1.5368E-03  1.2557E-04 -3.4120E-05  9.9825E-05  9.9825E-05  9.9825E-05  9.9825E-05  9.9825E-05  9.9825E-05  9.9825E-05  9.9825E-05
     0.1 -7.7150E-05  3.9014E-05  4.1941E-03 -6.9980E-03 -4.2858E-03  6.9470E-03  1.1823E-04  1.7341E-04  4.0803E-04  4.0803E-04  4.0803E-04  4.0803E-04  4.0803E-04  4.0803E-04  4.0803E-04  4.0803E-04
       1 -2.3985E-04  7.5110E-04  2.0678E-02 -2.5939E-02 -2.0558E-02  2.5705E-02 -3.8191E-05  7.4022E-04  1.6522E-03  1.6522E-03  1.6522E-03  1.6522E-03  1.6522E-03  1.6522E-03  1.6522E-03  1.6522E-03
   23   23       5.333000       9.333000
  4
   0.001 -3.1162E-05  2.2113E-05  4.1800E-04 -4.4864E-04 -5.0890E-04  5.1835E-04  4.7645E-05 -3.6980E-05  3.3370E-05  3.3370E-05  3.3370E-05  3.3370E-05  3.3370E-05  3.3370E-05  3.3370E-05  3.3370E-05
    0.01 -8.3741E-05  1.3817E-05  1.3418E-03 -1.5969E-03 -1.6016E-03  1.6792E-03  1.3417E-04 -4.8282E-05  1.1000E-04  1.1000E-04  1.1000E-04  1.1000E-04  1.1000E-04  1.1000E-04  1.1000E-04  1.1000E-04
     0.1 -4.8833E-06 -9.3666E-05  4.4930E-03 -7.1291E-03 -4.8555E-03  6.8083E-03  8.1431E-05  1.5180E-05  4.1972E-04  4.1972E-04  4.1972E-04  4.1972E-04  4.1972E-04  4.1972E-04  4.1972E-04  4.1972E-04
       1 -7.1600E-06  1.4250E-04  2.0321E-02 -2.6793E-02 -2.0447E-02  2.4507E-02 -2.2667E-04 -1.2212E-03  1.6380E-03  1.6380E-03  1.6380E-03  1.6380E-03  1.6380E-03  1.6380E-03  1.6380E-03  1.6380E-03
   24   24       5.333000      13.333000
  4
   0.001 -4.0073E-05  3.1620E-05  4.6676E-04 -4.9771E-04 -6.2741E-04  6.1995E-04  6.3139E-05 -4.9203E-05  3.8789E-05  3.8789E-05  3.8789E-05  3.8789E-05  3.8789E-05  3.8789E-05  3.8789E-05  3.8789E-05
    0.01 -1.0978E-04  4.8696E-05  1.4927E-03 -1.7622E-03 -1.9517E-03  1.8949E-03  1.7882E-04 -6.6156E-05  1.2532E-04  1.2532E-04  1.2532E-04  1.2532E-04  1.2532E-04  1.2532E-04  1.2532E-04  1.2532E-04
     0.1 -5.5244E-05  1.3917E-04  5.0346E-03 -7.6490E-03 -5.5457E-03  7.0639E-03  1.2614E-04  1.9609E-05  4.5343E-04  4.5343E-04  4.5343E-04  4.5343E-04  4.5343E-04  4.5343E-04  4.5343E-04  4.5343E-04
       1 -4.4106E-04  2.0407E-03  2.0457E-02 -3.0403E-02 -2.0466E-02  2.7238E-02 -1.5445E-04 -1.3697E-03  1.7667E-03  1.7667E-03  1.7667E-03  1.7667E-03  1.7667E-03  1.7667E-03  1.7667E-03  1.7667E-03
   25   25       9.333000     -12.666000
  4
   0.001  8.2269E-05 -6.3018E-05  5.4327E-04 -5.5560E-04 -6.1285E-04  6.0856E-04 -1.1154E-04  8.8113E-05  4.0961E-05  4.0961E-05  4.0961E-05  4.0961E-05  4.0961E-05  4.0961E-05  4.0961E-05  4.0961E-05
    0.01  2.3102E-04 -6.8902E-05  1.7152E-03 -1.8216E-03 -1.9108E-03  1.8846E-03 -3.1877E-04  1.2297E-04  1.2957E-04  1.2957E-04  1.2957E-04  1.2957E-04  1.2957E-04  1.2957E-04  1.2957E-04  1.2957E-04
     0.1  1.4190E-04  1.1046E-04  5.3686E-03 -7.1524E-03 -5.5542E-03  7.0160E-03 -3.0402E-04 -4.9608E-05  4.4729E-04  4.4729E-04  4.4729E-04  4.4729E-04  4.4729E-04  4.4729E-04  4.4729E-04  4.4729E-04
       1  4.5852E-05 -6.5756E-04  2.0312E-02 -2.6747E-02 -2.0420E-02  2.6639E-02 -1.1929E-04  1.5125E-03  1.6788E-03  1.6788E-03  1.6788E-03  1.6788E-03  1.6788E-03  1.6788E-03  1.6788E-03  1.6788E-03
   26   26       9.333000      -8.666000
  4
   0.001  8.1216E-05 -6.3833E-05  5.2495E-04 -5.3360E-04 -5.1219E-04  5.2527E-04 -8.7785E-05  6.7491E-05  3.7053E-05  3.7053E-05  3.7053E-05  3.7053E-05  3.7053E-05  3.7053E-05  3.7053E-05  3.7053E-05
    0.01  2.2748E-04 -8.6170E-05  1.6531E-03 -1.7233E-03 -1.6134E-03  1.7322E-03 -2.4768E-04  8.0196E-05  1.1888E-04  1.1888E-04  1.1888E-04  1.1888E-04  1.1888E-04  1.1888E-04  1.1888E-04  1.1888E-04
     0.1  1.8306E-04 -3.1051E-05  5.0618E-03 -6.8037E-03 -5.0188E-03  7.0846E-03 -2.2501E-04 -1.5866E-04  4.2903E-04  4.2903E-04  4.2903E-04  4.2903E-04  4.2903E-04  4.2903E-04  4.2903E-04  4.2903E-04
       1  1.0389E-04 -1.8578E-03  2.0169E-02 -2.4102E-02 -2.0743E-02  2.6389E-02  7.6530E-05  1.8312E-04  1.6239E-03  1.6239E-03  1.6239E-03  1.6239E-03  1.6239E-03  1.6239E-03  1.6239E-03  1.6239E-03
   27   27       9.333000      -4.666000
  4
   0.001  3.4887E-05 -2.4853E-05  4.7786E-04 -4.9185E-04 -4.1435E-04  4.4699E-04 -3.6318E-05  2.5881E-05  3.2325E-05  3.2325E-05  3.2325E-05  3.2325E-05  3.2325E-05  3.2325E-05  3.2325E-05  3.2325E-05
    0.01  9.5500E-05 -9.3377E-06  1.5084E-03 -1.6215E-03 -1.3288E-03  1.6084E-03 -9.9247E-05  1.2486E-05  1.0748E-04  1.0748E-04  1.0748E-04  1.0748E-04  1.0748E-04  1.0748E-04  1.0748E-04  1.0748E-04
     0.1  3.5085E-05  1.8024E-04  4.5999E-03 -6.8043E-03 -4.4905E-03  7.3148E-03 -3.2712E-05 -1.6812E-04  4.1981E-04  4.1981E-04  4.1981E-04  4.1981E-04  4.1981E-04  4.1981E-04  4.1981E-04  4.1981E-04
       1  2.0880E-06  9.1893E-04  2.0364E-02 -2.5092E-02 -2.0767E-02  2.8391E-02  7.0783E-05 -5.4586E-04  1.6858E-03  1.6858E-03  1.6858E-03  1.6858E-03  1.6858E-03  1.6858E-03  1.6858E-03  1.6858E-03
   28   28       9.333000       5.333000
  4
   0.001 -4.5209E-05  3.1618E-05  5.2826E-04 -5.4032E-04 -4.2237E-04  4.5326E-04  2.8543E-05 -1.8794E-05  3.4211E-05  3.4211E-05  3.4211E-05  3.4211E-05  3.4211E-05  3.4211E-05  3.4211E-05  3.4211E-05
    0.01 -1.2625E-04  1.3301E-05  1.6594E-03 -1.7657E-03 -1.3534E-03  1.6156E-03  7.8945E-05  5.2816E-06  1.1299E-04  1.1299E-04  1.1299E-04  1.1299E-04  1.1299E-04  1.1299E-04  1.1299E-04  1.1299E-04
     0.1 -1.0764E-04 -3.3965E-04  5.0074E-03 -7.3697E-03 -4.5648E-03  7.2439E-03  2.6630E-05  3.0043E-04  4.3672E-04  4.3672E-04  4.3672E-04  4.3672E-04  4.3672E-04  4.3672E-04  4.3672E-04  4.3672E-04
       1 -2.7783E-04 -2.7361E-03  2.1270E-02 -2.8866E-02 -2.0549E-02  2.7385E-02 -2.7678E-05  2.2393E-03  1.7519E-03  1.7519E-03  1.7519E-03  1.7519E-03  1.7519E-03  1.7519E-03  1.7519E-03  1.7519E-03
   29   29       9.333000       9.333000
  4
   0.001 -6.4264E-05  4.9786E-05  4.9585E-04 -5.1119E-04 -5.2707E-04  5.3681E-04  7.8528E-05 -6.1267E-05  3.6598E-05  3.6598E-05  3.6598E-05  3.6598E-05  3.6598E-05  3.6598E-05  3.6598E-05  3.6598E-05
    0.01 -1.7791E-04  6.6989E-05  1.5709E-03 -1.6967E-03 -1.6600E-03  1.7441E-03  2.2209E-04 -8.0785E-05  1.1798E-04  1.1798E-04  1.1798E-04  1.1798E-04  1.1798E-04  1.1798E-04  1.1798E-04  1.1798E-04
     0.1 -1.1407E-04  4.7628E-05  4.9605E-03 -6.8892E-03 -5.1063E-03  6.9389E-03  1.6877E-04  2.9214E-05  4.2760E-04  4.2760E-04  4.2760E-04  4.2760E-04  4.2760E-04  4.2760E-04  4.2760E-04  4.2760E-04
       1 -1.0396E-04  1.8734E-03  2.0403E-02 -2.4235E-02 -2.0403E-02  2.5117E-02  1.4494E-04 -1.3225E-03  1.6009E-03  1.6009E-03  1.6009E-03  1.6009E-03  1.6009E-03  1.6009E-03  1.6009E-03  1.6009E-03
   30   30       9.333000      13.333000
  4
   0.001 -6.7014E-05  4.8002E-05  5.3034E-04 -5.4680E-04 -6.2166E-04  6.1786E-04  8.9282E-05 -6.7648E-05  4.0855E-05  4.0855E-05  4.0855E-05  4.0855E-05  4.0855E-05  4.0855E-05  4.0855E-05  4.0855E-05
    0.01 -1.8536E-04  2.9476E-05  1.6800E-03 -1.8221E-03 -1.9402E-03  1.9153E-03  2.5398E-04 -7.1392E-05  1.2997E-04  1.2997E-04  1.2997E-04  1.2997E-04  1.2997E-04  1.2997E-04  1.2997E-04  1.2997E-04
     0.1 -8.6166E-05 -3.0398E-04  5.3511E-03 -7.2773E-03 -5.6454E-03  7.1187E-03  1.8816E-04  2.5148E-04  4.5296E-04  4.5296E-04  4.5296E-04  4.5296E-04  4.5296E-04  4.5296E-04  4.5296E-04  4.5296E-04
       1 -1.5448E-04 -1.4841E-03  2.0259E-02 -2.7294E-02 -2.0272E-02  2.7364E-02  1.2062E-04  5.9882E-04  1.7011E-03  1.7011E-03  1.7011E-03  1.7011E-03  1.7011E-03  1.7011E-03  1.7011E-03  1.7011E-03
   31   31      13.333000     -12.666000
  4
   0.001  1.0047E-04 -7.5372E-05  6.2399E-04 -6.2129E-04 -6.0812E-04  6.0851E-04 -1.0693E-04  8.4244E-05  4.3518E-05  4.3518E-05  4.3518E-05  4.3518E-05  4.3518E-05  4.3518E-05  4.3518E-05  4.3518E-05
    0.01  2.8287E-04 -6.8855E-05  1.9542E-03 -1.9309E-03 -1.9051E-03  1.9183E-03 -3.0346E-04  1.1603E-04  1.3627E-04  1.3627E-04  1.3627E-04  1.3627E-04  1.3627E-04  1.3627E-04  1.3627E-04  1.3627E-04
     0.1  1.7890E-04  2.9679E-04  5.8203E-03 -6.9561E-03 -5.7766E-03  7.0562E-03 -2.3546E-04  2.2977E-05  4.5473E-04  4.5473E-04  4.5473E-04  4.5473E-04  4.5473E-04  4.5473E-04  4.5473E-04  4.5473E-04
       1  3.7878E-05  9.2980E-04  2.0085E-02 -2.5475E-02 -2.0492E-02  2.5753E-02 -2.6169E-05  2.4640E-03  1.6337E-03  1.6337E-03  1.6337E-03  1.6337E-03  1.6337E-03  1.6337E-03  1.6337E-03  1.6337E-03
   32   32      13.333000      -8.666000
  4
   0.001  1.0066E-04 -7.9203E-05  6.2106E-04 -6.1553E-04 -5.2077E-04  5.3709E-04 -8.0905E-05  6.2914E-05  4.0440E-05  4.0440E-05  4.0440E-05  4.0440E-05  4.0440E-05  4.0440E-05  4.0440E-05  4.0440E-05
    0.01  2.8548E-04 -1.0512E-04  1.9395E-03 -1.8904E-03 -1.6459E-03  1.7960E-03 -2.2867E-04  7.8862E-05  1.2843E-04  1.2843E-04  1.2843E-04  1.2843E-04  1.2843E-04  1.2843E-04  1.2843E-04  1.2843E-04
     0.1  2.1638E-04  1.3176E-05  5.5932E-03 -6.9136E-03 -5.2535E-03  7.2497E-03 -1.6697E-04 -4.8798E-05  4.4614E-04  4.4614E-04  4.4614E-04  4.4614E-04  4.4614E-04  4.4614E-04  4.4614E-04  4.4614E-04
       1 -1.5536E-04 -2.0789E-03  1.9985E-02 -2.5800E-02 -2.0144E-02  2.7740E-02  2.5147E-04  1.4167E-03  1.6724E-03  1.6724E-03  1.6724E-03  1.6724E-03  1.6724E-03  1.6724E-03  1.6724E-03  1.6724E-03
   33   33      13.333000      -4.666000
  4
   0.001  6.7455E-05 -5.1404E-05  6.3950E-04 -6.2951E-04 -4.6109E-04  4.8886E-04 -4.5304E-05  3.3132E-05  3.8827E-05  3.8827E-05  3.8827E-05  3.8827E-05  3.8827E-05  3.8827E-05  3.8827E-05  3.8827E-05
    0.01  1.9023E-04 -5.3586E-05  1.9898E-03 -1.9033E-03 -1.4720E-03  1.7170E-03 -1.2663E-04  2.3434E-05  1.2477E-04  1.2477E-04  1.2477E-04  1.2477E-04  1.2477E-04  1.2477E-04  1.2477E-04  1.2477E-04
     0.1  1.3876E-04  1.5849E-04  5.5789E-03 -6.9539E-03 -4.9837E-03  7.3258E-03 -6.4903E-05 -1.9268E-04  4.4438E-04  4.4438E-04  4.4438E-04  4.4438E-04  4.4438E-04  4.4438E-04  4.4438E-04  4.4438E-04
       1 -1.6107E-04  7.2153E-05  2.0140E-02 -2.6613E-02 -2.0228E-02  2.7739E-02  2.8316E-04 -6.5147E-04  1.6925E-03  1.6925E-03  1.6925E-03  1.6925E-03  1.6925E-03  1.6925E-03  1.6925E-03  1.6925E-03
   34   34      13.333000       5.333000
  4
   0.001 -6.1496E-05  4.6532E-05  6.3695E-04 -6.2772E-04 -4.5311E-04  4.8218E-04  3.3288E-05 -2.5300E-05  3.8462E-05  3.8462E-05  3.8462E-05  3.8462E-05  3.8462E-05  3.8462E-05  3.8462E-05  3.8462E-05
    0.01 -1.7211E-04  5.2083E-05  1.9827E-03 -1.9039E-03 -1.4499E-03  1.7034E-03  9.4061E-05 -2.6006E-05  1.2399E-04  1.2399E-04  1.2399E-04  1.2399E-04  1.2399E-04  1.2399E-04  1.2399E-04  1.2399E-04
     0.1 -1.0535E-04 -9.9416E-05  5.5971E-03 -6.9772E-03 -4.9832E-03  7.2748E-03  4.1338E-05  5.5056E-05  4.4406E-04  4.4406E-04  4.4406E-04  4.4406E-04  4.4406E-04  4.4406E-04  4.4406E-04  4.4406E-04
       1  5.6048E-05  5.6359E-04  2.0478E-02 -2.6172E-02 -2.0527E-02  2.6673E-02  1.8441E-04 -1.5870E-04  1.6722E-03  1.6722E-03  1.6722E-03  1.6722E-03  1.6722E-03  1.6722E-03  1.6722E-03  1.6722E-03
   35   35      13.333000       9.333000
  4
   0.001 -1.0569E-04  7.9293E-05  6.2461E-04 -6.2016E-04 -5.4455E-04  5.5820E-04  8.3215E-05 -6.0424E-05  4.1424E-05  4.1424E-05  4.1424E-05  4.1424E-05  4.1424E-05  4.1424E-05  4.1424E-05  4.1424E-05
    0.01 -2.9969E-04  7.9555E-05  1.9522E-03 -1.9131E-03 -1.7197E-03  1.8435E-03  2.3666E-04 -3.9312E-05  1.3125E-04  1.3125E-04  1.3125E-04  1.3125E-04  1.3125E-04  1.3125E-04  1.3125E-04  1.3125E-04
     0.1 -2.4952E-04 -3.7055E-04  5.6551E-03 -7.0350E-03 -5.4479E-03  7.2715E-03  1.6944E-04  4.9894E-04  4.5280E-04  4.5280E-04  4.5280E-04  4.5280E-04  4.5280E-04  4.5280E-04  4.5280E-04  4.5280E-04
       1 -2.0600E-04 -1.6148E-03  2.0348E-02 -2.6196E-02 -2.0313E-02  2.7507E-02  6.5999E-06  3.2163E-03  1.6839E-03  1.6839E-03  1.6839E-03  1.6839E-03  1.6839E-03  1.6839E-03  1.6839E-03  1.6839E-03
   36   36      13.333000      13.333000
  4
   0.001 -8.9488E-05  6.7070E-05  6.1976E-04 -6.2550E-04 -6.1097E-04  6.1250E-04  9.3511E-05 -6.9235E-05  4.3640E-05  4.3640E-05  4.3640E-05  4.3640E-05  4.3640E-05  4.3640E-05  4.3640E-05  4.3640E-05
    0.01 -2.4945E-04  6.7279E-05  1.9483E-03 -1.9997E-03 -1.9170E-03  1.9361E-03  2.6548E-04 -5.7650E-05  1.3790E-04  1.3790E-04  1.3790E-04  1.3790E-04  1.3790E-04  1.3790E-04  1.3790E-04  1.3790E-04
     0.1 -9.7159E-05 -1.3734E-04  5.8708E-03 -7.5775E-03 -5.8161E-03  7.1223E-03  1.4124E-04  3.7651E-04  4.6942E-04  4.6942E-04  4.6942E-04  4.6942E-04  4.6942E-04  4.6942E-04  4.6942E-04  4.6942E-04
       1 -1.9536E-04  7.9682E-04  2.0737E-02 -3.0223E-02 -2.0294E-02  2.6644E-02 -2.7901E-04  1.2622E-03  1.7519E-03  1.7519E-03  1.7519E-03  1.7519E-03  1.7519E-03  1.7519E-03  1.7519E-03  1.7519E-03
   99 99    0.0 0.0
  0
VTF   36
101     101           -13         -13
4
0.001 -8.804E-03  7.818E-03   -8.681E-03  7.106E-03   -4.402E-04  3.909E-04   -4.340E-04  3.553E-04
0.01  -3.213E-02  1.279E-02   -2.823E-02  1.104E-02   -1.606E-03  6.393E-04   -1.412E-03  5.522E-04
0.1   -1.473E-02  -3.422E-02  -1.326E-02  -3.130E-02  -7.367E-04  -1.711E-03  -6.628E-04  -1.565E-03
1     1.438E-02   -5.419E-03  1.560E-02   -7.456E-03  7.191E-04   -2.709E-04  7.799E-04   -3.728E-04
102     102           -13         -9
4
0.001 -1.071E-02  9.611E-03   -6.535E-03  5.315E-03   -5.356E-04  4.805E-04   -3.267E-04  2.658E-04
0.01  -3.914E-02  1.647E-02   -2.126E-02  8.268E-03   -1.957E-03  8.234E-04   -1.063E-03  4.134E-04
0.1   -2.346E-02  -3.920E-02  -9.915E-03  -2.668E-02  -1.173E-03  -1.960E-03  -4.958E-04  -1.334E-03
1     1.345E-02   -5.565E-03  2.019E-02   -1.461E-02  6.724E-04   -2.783E-04  1.009E-03   -7.304E-04
103     103           -13         -5
4
0.001 -1.388E-02  1.263E-02   -3.340E-03  2.454E-03   -6.941E-04  6.315E-04   -1.670E-04  1.227E-04
0.01  -5.098E-02  2.289E-02   -1.034E-02  2.652E-03   -2.549E-03  1.145E-03   -5.169E-04  1.326E-04
0.1   -3.774E-02  -4.662E-02  6.825E-04   -2.483E-02  -1.887E-03  -2.331E-03  3.412E-05   -1.242E-03
1     9.270E-03   3.245E-03   3.941E-02   -3.933E-02  4.635E-04   1.623E-04   1.971E-03   -1.966E-03
104     104           -13         5
4
0.001 -1.243E-02  1.115E-02   4.570E-03   -4.536E-03  -6.215E-04  5.575E-04   2.285E-04   -2.268E-04
0.01  -4.568E-02  1.898E-02   1.837E-02   -8.191E-03  -2.284E-03  9.492E-04   9.183E-04   -4.096E-04
0.1   -2.754E-02  -5.123E-02  1.298E-02   1.186E-02   -1.377E-03  -2.562E-03  6.488E-04   5.930E-04
1     3.109E-02   -2.195E-02  7.704E-03   -1.716E-02  1.554E-03   -1.098E-03  3.852E-04   -8.578E-04
105     105           -13         9
4
0.001 -1.014E-02  8.956E-03   6.845E-03   -6.480E-03  -5.069E-04  4.478E-04   3.423E-04   -3.240E-04
0.01  -3.692E-02  1.485E-02   2.627E-02   -1.126E-02  -1.846E-03  7.425E-04   1.313E-03   -5.630E-04
0.1   -1.849E-02  -4.293E-02  1.632E-02   2.227E-02   -9.246E-04  -2.146E-03  8.162E-04   1.114E-03
1     2.694E-02   -1.709E-02  -2.044E-03  -1.174E-02  1.347E-03   -8.546E-04  -1.022E-04  -5.869E-04
106     106           -13         13
4
0.001 -7.638E-03  6.552E-03   7.952E-03   -7.290E-03  -3.819E-04  3.276E-04   3.976E-04   -3.645E-04
0.01  -2.766E-02  9.695E-03   2.978E-02   -1.171E-02  -1.383E-03  4.847E-04   1.489E-03   -5.856E-04
0.1   -6.745E-03  -3.941E-02  1.395E-02   3.111E-02   -3.373E-04  -1.971E-03  6.973E-04   1.555E-03
1     3.702E-02   -3.244E-02  -1.677E-02  4.716E-03   1.851E-03   -1.622E-03  -8.385E-04  2.358E-04
107     107           -9          -13
4
0.001 -7.286E-03  6.618E-03   -1.127E-02  9.612E-03   -3.643E-04  3.309E-04   -5.634E-04  4.806E-04
0.01  -2.745E-02  1.116E-02   -3.808E-02  1.641E-02   -1.373E-03  5.581E-04   -1.904E-03  8.207E-04
0.1   -1.389E-02  -3.104E-02  -2.557E-02  -3.797E-02  -6.946E-04  -1.552E-03  -1.278E-03  -1.898E-03
1     1.735E-02   -1.827E-02  1.206E-02   -4.116E-03  8.674E-04   -9.135E-04  6.032E-04   -2.058E-04
108     108           -9          -9
4
0.001 -9.663E-03  8.866E-03   -9.735E-03  8.362E-03   -4.832E-04  4.433E-04   -4.868E-04  4.181E-04
0.01  -3.611E-02  1.570E-02   -3.298E-02  1.463E-02   -1.805E-03  7.852E-04   -1.649E-03  7.317E-04
0.1   -2.471E-02  -3.285E-02  -2.473E-02  -2.862E-02  -1.236E-03  -1.643E-03  -1.236E-03  -1.431E-03
1     7.858E-03   -1.367E-03  3.082E-03   4.415E-03   3.929E-04   -6.834E-05  1.541E-04   2.207E-04
109     109           -9          -5
4
0.001 -1.159E-02  1.063E-02   -5.290E-03  4.306E-03   -5.797E-04  5.315E-04   -2.645E-04  2.153E-04
0.01  -4.310E-02  1.870E-02   -1.706E-02  6.822E-03   -2.155E-03  9.349E-04   -8.530E-04  3.411E-04
0.1   -3.177E-02  -3.778E-02  -1.039E-02  -1.784E-02  -1.589E-03  -1.889E-03  -5.194E-04  -8.922E-04
1     8.735E-03   -3.825E-03  8.854E-03   -9.419E-03  4.367E-04   -1.912E-04  4.427E-04   -4.710E-04
110    110          -9          5
4
0.001 -1.125E-02  1.022E-02   5.704E-03   -5.525E-03  -5.624E-04  5.109E-04   2.852E-04   -2.762E-04
0.01  -4.163E-02  1.767E-02   2.278E-02   -8.856E-03  -2.081E-03  8.833E-04   1.139E-03   -4.428E-04
0.1   -2.858E-02  -3.943E-02  1.254E-02   2.344E-02   -1.429E-03  -1.971E-03  6.272E-04   1.172E-03
1     1.441E-02   -6.084E-03  -1.380E-02  6.077E-03   7.203E-04   -3.042E-04  -6.902E-04  3.039E-04
111    111          -9          9
4
0.001 -8.684E-03  7.824E-03   9.145E-03   -8.593E-03  -4.342E-04  3.912E-04   4.572E-04   -4.296E-04
0.01  -3.211E-02  1.358E-02   3.485E-02   -1.465E-02  -1.606E-03  6.790E-04   1.743E-03   -7.324E-04
0.1   -1.974E-02  -3.172E-02  2.246E-02   3.254E-02   -9.869E-04  -1.586E-03  1.123E-03   1.627E-03
1     1.180E-02   -3.262E-03  -9.536E-03  -3.190E-04  5.902E-04   -1.631E-04  -4.768E-04  -1.595E-05
112    112          -9          13
4
0.001 -6.770E-03  6.027E-03   1.079E-02   -9.980E-03  -3.385E-04  3.013E-04   5.395E-04   -4.990E-04
0.01  -2.485E-02  1.053E-02   4.016E-02   -1.736E-02  -1.243E-03  5.263E-04   2.008E-03   -8.681E-04
0.1   -1.371E-02  -2.404E-02  2.657E-02   3.533E-02   -6.857E-04  -1.202E-03  1.329E-03   1.766E-03
1     5.996E-03   1.009E-03   -3.149E-03  -6.561E-03  2.998E-04   5.046E-05   -1.574E-04  -3.281E-04
113    113          -5          -13
4
0.001 -4.606E-03  4.274E-03   -1.370E-02  1.189E-02   -2.303E-04  2.137E-04   -6.848E-04  5.943E-04
0.01  -1.787E-02  7.387E-03   -4.697E-02  2.083E-02   -8.936E-04  3.694E-04   -2.349E-03  1.041E-03
0.1   -9.105E-03  -1.817E-02  -3.494E-02  -4.212E-02  -4.552E-04  -9.087E-04  -1.747E-03  -2.106E-03
1     8.144E-03   -6.594E-03  5.239E-03   4.493E-03   4.072E-04   -3.297E-04  2.619E-04   2.247E-04
114    114          -5          -9
4
0.001 -6.062E-03  5.584E-03   -1.116E-02  9.595E-03   -3.031E-04  2.792E-04   -5.579E-04  4.797E-04
0.01  -2.323E-02  9.243E-03   -3.839E-02  1.560E-02   -1.161E-03  4.622E-04   -1.919E-03  7.799E-04
0.1   -1.296E-02  -2.449E-02  -2.538E-02  -4.108E-02  -6.482E-04  -1.224E-03  -1.269E-03  -2.054E-03
1     1.606E-02   -1.464E-02  2.709E-02   -2.149E-02  8.028E-04   -7.320E-04  1.354E-03   -1.074E-03
115    115          -5          -5
4
0.001 -7.511E-03  6.904E-03   -6.897E-03  5.796E-03   -3.755E-04  3.452E-04   -3.449E-04  2.898E-04
0.01  -2.820E-02  1.156E-02   -2.274E-02  9.530E-03   -1.410E-03  5.778E-04   -1.137E-03  4.765E-04
0.1   -1.933E-02  -2.325E-02  -1.679E-02  -1.700E-02  -9.663E-04  -1.163E-03  -8.395E-04  -8.502E-04
1     3.905E-03   -4.529E-03  -1.926E-03  7.673E-03   1.953E-04   -2.264E-04  -9.628E-05  3.836E-04
116    116          -5          5
4
0.001 -7.019E-03  6.400E-03   7.464E-03   -7.171E-03  -3.509E-04  3.200E-04   3.732E-04   -3.585E-04
0.01  -2.642E-02  1.060E-02   2.882E-02   -1.204E-02  -1.321E-03  5.302E-04   1.441E-03   -6.019E-04
0.1   -1.673E-02  -2.550E-02  2.077E-02   1.937E-02   -8.367E-04  -1.275E-03  1.038E-03   9.684E-04
1     1.371E-02   -9.683E-03  7.865E-03   -1.720E-02  6.855E-04   -4.842E-04  3.933E-04   -8.600E-04
117    117          -5          9
4
0.001 -5.693E-03  5.210E-03   1.063E-02   -9.965E-03  -2.847E-04  2.605E-04   5.316E-04   -4.983E-04
0.01  -2.148E-02  9.342E-03   4.036E-02   -1.675E-02  -1.074E-03  4.671E-04   2.018E-03   -8.375E-04
0.1   -1.429E-02  -1.800E-02  2.698E-02   3.783E-02   -7.146E-04  -9.000E-04  1.349E-03   1.892E-03
1     1.131E-03   3.505E-03   -1.382E-02  2.704E-03   5.655E-05   1.753E-04   -6.908E-04  1.352E-04
118    118          -5          13
4
0.001 -3.768E-03  3.379E-03   1.308E-02   -1.215E-02  -1.884E-04  1.690E-04   6.541E-04   -6.073E-04
0.01  -1.458E-02  5.750E-03   4.865E-02   -2.171E-02  -7.288E-04  2.875E-04   2.433E-03   -1.086E-03
0.1   -6.064E-03  -1.998E-02  3.620E-02   4.153E-02   -3.032E-04  -9.992E-04  1.810E-03   2.076E-03
1     1.645E-02   -2.536E-02  -2.482E-03  -1.250E-02  8.227E-04   -1.268E-03  -1.241E-04  -6.250E-04
119    119          5           -13
4
0.001 4.624E-03   -3.953E-03  -1.343E-02  1.166E-02   2.312E-04   -1.976E-04  -6.714E-04  5.830E-04
0.01  1.534E-02   -6.095E-03  -4.645E-02  2.010E-02   7.672E-04   -3.048E-04  -2.323E-03  1.005E-03
0.1   9.255E-03   1.266E-02   -3.219E-02  -4.730E-02  4.628E-04   6.329E-04   -1.609E-03  -2.365E-03
1     4.812E-03   -1.066E-02  1.958E-02   -9.723E-03  2.406E-04   -5.332E-04  9.791E-04   -4.862E-04
120    120          5           -9
4
0.001 5.321E-03   -4.577E-03  -1.177E-02  1.024E-02   2.661E-04   -2.288E-04  -5.885E-04  5.121E-04
0.01  1.796E-02   -6.581E-03  -4.055E-02  1.748E-02   8.982E-04   -3.290E-04  -2.028E-03  8.742E-04
0.1   1.018E-02   1.692E-02   -3.108E-02  -3.475E-02  5.091E-04   8.460E-04   -1.554E-03  -1.737E-03
1     -2.639E-03  1.159E-04   6.451E-03   -1.538E-03  -1.320E-04  5.797E-06   3.226E-04   -7.692E-05
121    121          5           -5
4
0.001 6.677E-03   -5.885E-03  -6.994E-03  5.912E-03   3.338E-04   -2.943E-04  -3.497E-04  2.956E-04
0.01  2.278E-02   -9.236E-03  -2.332E-02  9.645E-03   1.139E-03   -4.618E-04  -1.166E-03  4.823E-04
0.1   1.645E-02   1.263E-02   -1.700E-02  -1.825E-02  8.226E-04   6.317E-04   -8.498E-04  -9.126E-04
1     1.480E-02   -2.904E-02  -3.418E-04  -1.031E-03  7.398E-04   -1.452E-03  -1.709E-05  -5.156E-05
122    122          5           5
4
0.001 6.833E-03   -5.994E-03  7.145E-03   -6.781E-03  3.417E-04   -2.997E-04  3.572E-04   -3.391E-04
0.01  2.352E-02   -8.769E-03  2.766E-02   -1.040E-02  1.176E-03   -4.385E-04  1.383E-03   -5.201E-04
0.1   1.442E-02   2.035E-02   1.674E-02   2.724E-02   7.210E-04   1.017E-03   8.371E-04   1.362E-03
1     -2.549E-03  -2.945E-03  -1.691E-02  1.172E-02   -1.274E-04  -1.473E-04  -8.453E-04  5.861E-04
123    123          5           9
4
0.001 5.510E-03   -4.827E-03  1.184E-02   -1.119E-02  2.755E-04   -2.413E-04  5.918E-04   -5.594E-04
0.01  1.903E-02   -6.882E-03  4.467E-02   -1.997E-02  9.517E-04   -3.441E-04  2.234E-03   -9.986E-04
0.1   9.879E-03   1.923E-02   3.592E-02   3.145E-02   4.939E-04   9.616E-04   1.796E-03   1.573E-03
1     -8.439E-03  1.287E-03   9.466E-03   -2.374E-02  -4.220E-04  6.435E-05   4.733E-04   -1.187E-03
124    124          5           13
4
0.001 4.092E-03   -3.539E-03  1.273E-02   -1.176E-02  2.046E-04   -1.770E-04  6.363E-04   -5.880E-04
0.01  1.385E-02   -4.841E-03  4.725E-02   -2.043E-02  6.926E-04   -2.420E-04  2.363E-03   -1.021E-03
0.1   5.494E-03   1.412E-02   3.310E-02   4.317E-02   2.747E-04   7.058E-04   1.655E-03   2.159E-03
1     -4.476E-03  -4.492E-03  -8.225E-03  -6.491E-05  -2.238E-04  -2.246E-04  -4.112E-04  -3.246E-06
125    125          9           -13
4
0.001 7.288E-03   -6.285E-03  -1.119E-02  9.555E-03   3.644E-04   -3.143E-04  -5.593E-04  4.778E-04
0.01  2.479E-02   -9.879E-03  -3.820E-02  1.594E-02   1.240E-03   -4.939E-04  -1.910E-03  7.972E-04
0.1   1.405E-02   2.362E-02   -2.292E-02  -4.225E-02  7.023E-04   1.181E-03   -1.146E-03  -2.112E-03
1     -5.393E-04  -8.070E-03  2.291E-02   -1.363E-02  -2.697E-05  -4.035E-04  1.146E-03   -6.816E-04
126    126          9           -9
4
0.001 9.809E-03   -8.640E-03  -9.492E-03  8.134E-03   4.905E-04   -4.320E-04  -4.746E-04  4.067E-04
0.01  3.403E-02   -1.419E-02  -3.243E-02  1.367E-02   1.702E-03   -7.096E-04  -1.622E-03  6.837E-04
0.1   2.309E-02   2.865E-02   -2.092E-02  -3.198E-02  1.155E-03   1.433E-03   -1.046E-03  -1.599E-03
1     3.303E-03   -1.536E-02  1.093E-02   -7.883E-03  1.652E-04   -7.679E-04  5.466E-04   -3.941E-04
127    127          9           -5
4
0.001 1.171E-02   -1.043E-02  -5.479E-03  4.538E-03   5.857E-04   -5.214E-04  -2.739E-04  2.269E-04
0.01  4.112E-02   -1.726E-02  -1.817E-02  7.305E-03   2.056E-03   -8.630E-04  -9.084E-04  3.653E-04
0.1   2.978E-02   3.359E-02   -1.016E-02  -1.932E-02  1.489E-03   1.679E-03   -5.081E-04  -9.660E-04
1     1.848E-03   -1.625E-02  1.061E-02   -7.530E-03  9.241E-05   -8.125E-04  5.307E-04   -3.765E-04
128    128          9           5
4
0.001 1.079E-02   -9.551E-03  6.213E-03   -5.995E-03  5.393E-04   -4.775E-04  3.107E-04   -2.997E-04
0.01  3.782E-02   -1.509E-02  2.410E-02   -1.018E-02  1.891E-03   -7.543E-04  1.205E-03   -5.088E-04
0.1   2.439E-02   3.469E-02   1.755E-02   1.700E-02   1.219E-03   1.734E-03   8.776E-04   8.501E-04
1     -8.641E-03  -6.877E-03  3.934E-03   -1.226E-02  -4.320E-04  -3.438E-04  1.967E-04   -6.132E-04
129    129          9           9
4
0.001 8.806E-03   -7.740E-03  9.367E-03   -8.749E-03  4.403E-04   -3.870E-04  4.683E-04   -4.375E-04
0.01  3.065E-02   -1.199E-02  3.535E-02   -1.469E-02  1.532E-03   -5.994E-04  1.767E-03   -7.343E-04
0.1   1.761E-02   2.950E-02   2.330E-02   3.252E-02   8.807E-04   1.475E-03   1.165E-03   1.626E-03
1     -7.186E-03  -3.631E-03  -9.682E-03  1.788E-03   -3.593E-04  -1.816E-04  -4.841E-04  8.940E-05
130    130          9           13
4
0.001 6.982E-03   -6.043E-03  1.098E-02   -1.012E-02  3.491E-04   -3.021E-04  5.489E-04   -5.059E-04
0.01  2.395E-02   -8.813E-03  4.065E-02   -1.735E-02  1.197E-03   -4.407E-04  2.032E-03   -8.675E-04
0.1   1.069E-02   2.497E-02   2.691E-02   3.617E-02   5.343E-04   1.249E-03   1.345E-03   1.808E-03
1     -8.836E-03  -1.235E-03  -3.526E-03  -2.974E-03  -4.418E-04  -6.174E-05  -1.763E-04  -1.487E-04
131    131          13          -13
4
0.001 8.499E-03   -7.196E-03  -8.827E-03  7.370E-03   4.249E-04   -3.598E-04  -4.414E-04  3.685E-04
0.01  2.874E-02   -1.050E-02  -2.923E-02  1.209E-02   1.437E-03   -5.251E-04  -1.462E-03  6.047E-04
0.1   1.197E-02   3.316E-02   -1.585E-02  -2.871E-02  5.987E-04   1.658E-03   -7.926E-04  -1.436E-03
1     -1.237E-02  5.971E-03   6.672E-03   -2.022E-04  -6.185E-04  2.985E-04   3.336E-04   -1.011E-05
132    132          13          -9
4
0.001 1.206E-02   -1.060E-02  -7.471E-03  6.304E-03   6.028E-04   -5.300E-04  -3.735E-04  3.152E-04
0.01  4.178E-02   -1.793E-02  -2.503E-02  1.081E-02   2.089E-03   -8.965E-04  -1.252E-03  5.405E-04
0.1   2.908E-02   3.742E-02   -1.500E-02  -2.382E-02  1.454E-03   1.871E-03   -7.499E-04  -1.191E-03
1     2.479E-03   -1.520E-02  2.423E-03   6.017E-04   1.239E-04   -7.600E-04  1.211E-04   3.009E-05
133    133          13          -5
4
0.001 1.343E-02   -1.187E-02  -4.467E-03  3.644E-03   6.715E-04   -5.936E-04  -2.233E-04  1.822E-04
0.01  4.702E-02   -1.991E-02  -1.426E-02  6.404E-03   2.351E-03   -9.953E-04  -7.130E-04  3.202E-04
0.1   3.248E-02   4.507E-02   -8.708E-03  -1.062E-02  1.624E-03   2.253E-03   -4.354E-04  -5.309E-04
1     -8.740E-03  -7.470E-03  -7.138E-03  1.230E-02   -4.370E-04  -3.735E-04  -3.569E-04  6.148E-04
134    134          13          5
4
0.001 1.333E-02   -1.179E-02  4.231E-03   -4.165E-03  6.665E-04   -5.897E-04  2.115E-04   -2.083E-04
0.01  4.676E-02   -1.955E-02  1.684E-02   -7.117E-03  2.338E-03   -9.773E-04  8.422E-04   -3.559E-04
0.1   3.141E-02   4.550E-02   1.163E-02   1.203E-02   1.571E-03   2.275E-03   5.817E-04   6.016E-04
1     -1.125E-02  -2.451E-03  9.777E-04   -1.007E-02  -5.623E-04  -1.225E-04  4.889E-05   -5.033E-04
135    135          13          9
4
0.001 1.079E-02   -9.409E-03  7.201E-03   -6.746E-03  5.394E-04   -4.705E-04  3.601E-04   -3.373E-04
0.01  3.730E-02   -1.486E-02  2.727E-02   -1.128E-02  1.865E-03   -7.432E-04  1.364E-03   -5.642E-04
0.1   2.130E-02   3.724E-02   1.701E-02   2.423E-02   1.065E-03   1.862E-03   8.507E-04   1.211E-03
1     -9.161E-03  -3.723E-03  -5.336E-03  -2.026E-03  -4.581E-04  -1.861E-04  -2.668E-04  -1.013E-04
136    136          13          13
4
0.001 8.097E-03   -6.875E-03  8.199E-03   -7.457E-03  4.049E-04   -3.438E-04  4.099E-04   -3.728E-04
0.01  2.746E-02   -9.515E-03  3.033E-02   -1.163E-02  1.373E-03   -4.758E-04  1.517E-03   -5.816E-04
0.1   9.663E-03   3.212E-02   1.437E-02   3.136E-02   4.832E-04   1.606E-03   7.184E-04   1.568E-03
1     -1.724E-02  9.252E-03   -1.424E-02  8.508E-03   -8.622E-04  4.626E-04   -7.121E-04  4.254E-04
NMT2  7
201     99           0.0          0.0          0.0          15.0         0.0          0.0          10.0         0.0
4
   0.001  1.3057E-06 -1.1411E-06  3.8978E-04 -4.1695E-04 -4.6106E-04  4.7414E-04 -7.6649E-07  7.0612E-07  3.0720E-05  3.0720E-05  3.0720E-05  3.0720E-05  3.0720E-05  3.0720E-05  3.0720E-05  3.0720E-05
    0.01  3.0853E-06 -2.9122E-07  1.2432E-03 -1.4667E-03 -1.4459E-03  1.5619E-03 -1.3585E-06  4.3788E-07  1.0115E-04  1.0115E-04  1.0115E-04  1.0115E-04  1.0115E-04  1.0115E-04  1.0115E-04  1.0115E-04
     0.1 -1.2634E-05 -1.6351E-05  3.9625E-03 -6.8626E-03 -4.3313E-03  6.8217E-03  8.6408E-06  2.3784E-05  4.0011E-04  4.0011E-04  4.0011E-04  4.0011E-04  4.0011E-04  4.0011E-04  4.0011E-04  4.0011E-04
       1 -1.6070E-05 -3.1270E-04  2.0655E-02 -2.6333E-02 -2.0612E-02  2.6062E-02 -5.0785E-05  2.8906E-04  1.6674E-03  1.6674E-03  1.6674E-03  1.6674E-03  1.6674E-03  1.6674E-03  1.6674E-03  1.6674E-03
202     99           0.0          0.0          0.0          15.0         0.0          0.0          -8.0         0.0
4
   0.001  8.0255E-07 -6.8772E-07  3.6463E-04 -3.9637E-04 -4.6106E-04  4.7414E-04 -7.6649E-07  7.0612E-07  2.9841E-05  2.9841E-05  2.9841E-05  2.9841E-05  2.9841E-05  2.9841E-05  2.9841E-05  2.9841E-05
    0.01  2.1544E-06  1.9217E-06  1.1706E-03 -1.4304E-03 -1.4459E-03  1.5619E-03 -1.3585E-06  4.3788E-07  9.9174E-05  9.9174E-05  9.9174E-05  9.9174E-05  9.9174E-05  9.9174E-05  9.9174E-05  9.9174E-05
     0.1 -1.3724E-05  2.5227E-06  3.8344E-03 -6.8559E-03 -4.3313E-03  6.8217E-03  8.6408E-06  2.3784E-05  3.9836E-04  3.9836E-04  3.9836E-04  3.9836E-04  3.9836E-04  3.9836E-04  3.9836E-04  3.9836E-04
       1 -3.8483E-05 -1.1272E-04  2.0628E-02 -2.6194E-02 -2.0612E-02  2.6062E-02 -5.0785E-05  2.8906E-04  1.6642E-03  1.6642E-03  1.6642E-03  1.6642E-03  1.6642E-03  1.6642E-03  1.6642E-03  1.6642E-03
203     99           0.0          0.0          -8.0         0.0          0.0          0.0          -15.0        -15.0
4
   0.001  8.0255E-07 -6.8772E-07  3.6463E-04 -3.9637E-04 -5.2131E-04  5.2200E-04  1.5662E-04 -1.2604E-04  3.1517E-05  3.1517E-05  3.1517E-05  3.1517E-05  3.1517E-05  3.1517E-05  3.1517E-05  3.1517E-05
    0.01  2.1544E-06  1.9217E-06  1.1706E-03 -1.4304E-03 -1.6171E-03  1.6407E-03  4.4655E-04 -2.1319E-04  1.0317E-04  1.0317E-04  1.0317E-04  1.0317E-04  1.0317E-04  1.0317E-04  1.0317E-04  1.0317E-04
     0.1 -1.3724E-05  2.5227E-06  3.8344E-03 -6.8559E-03 -4.6449E-03  6.7476E-03  8.0372E-04  7.1079E-05  4.0109E-04  4.0109E-04  4.0109E-04  4.0109E-04  4.0109E-04  4.0109E-04  4.0109E-04  4.0109E-04
       1 -3.8483E-05 -1.1272E-04  2.0628E-02 -2.6194E-02 -2.0427E-02  2.5677E-02 -7.7647E-05  3.9097E-04  1.6538E-03  1.6538E-03  1.6538E-03  1.6538E-03  1.6538E-03  1.6538E-03  1.6538E-03  1.6538E-03
204     99           0.0          0.0          10.0         0.0          0.0          0.0          -15.0        -15.0
4
   0.001  1.3057E-06 -1.1411E-06  3.8978E-04 -4.1695E-04 -5.2181E-04  5.2245E-04  1.3147E-04 -1.0545E-04  3.2460E-05  3.2460E-05  3.2460E-05  3.2460E-05  3.2460E-05  3.2460E-05  3.2460E-05  3.2460E-05
    0.01  3.0853E-06 -2.9122E-07  1.2432E-03 -1.4667E-03 -1.6180E-03  1.6429E-03  3.7400E-04 -1.7687E-04  1.0528E-04  1.0528E-04  1.0528E-04  1.0528E-04  1.0528E-04  1.0528E-04  1.0528E-04  1.0528E-04
     0.1 -1.2634E-05 -1.6351E-05  3.9625E-03 -6.8626E-03 -4.6460E-03  6.7664E-03  6.7558E-04  7.7740E-05  4.0325E-04  4.0325E-04  4.0325E-04  4.0325E-04  4.0325E-04  4.0325E-04  4.0325E-04  4.0325E-04
       1 -1.6070E-05 -3.1270E-04  2.0655E-02 -2.6333E-02 -2.0450E-02  2.5877E-02 -1.0443E-04  5.3006E-04  1.6612E-03  1.6612E-03  1.6612E-03  1.6612E-03  1.6612E-03  1.6612E-03  1.6612E-03  1.6612E-03
205     99           20.0         20.0         10.0         20.0         20.0         20.0         20.0         10.0
4
   0.001 -6.7640E-05  5.2325E-05  6.1273E-04 -6.0095E-04 -6.1180E-04  5.9600E-04  6.9908E-05 -5.6481E-05  4.2809E-05  4.2809E-05  4.2809E-05  4.2809E-05  4.2809E-05  4.2809E-05  4.2809E-05  4.2809E-05
    0.01 -1.9383E-04  7.0660E-05  1.8752E-03 -1.8272E-03 -1.8646E-03  1.7918E-03  2.0528E-04 -9.1813E-05  1.3010E-04  1.3010E-04  1.3010E-04  1.3010E-04  1.3010E-04  1.3010E-04  1.3010E-04  1.3010E-04
     0.1 -2.3456E-04 -2.1457E-04  5.4853E-03 -7.0718E-03 -5.4366E-03  6.8400E-03  2.8170E-04  1.1377E-04  4.4215E-04  4.4215E-04  4.4215E-04  4.4215E-04  4.4215E-04  4.4215E-04  4.4215E-04  4.4215E-04
       1  4.3076E-04 -2.4581E-04  2.2410E-02 -2.4251E-02 -2.1043E-02  2.3773E-02 -7.0361E-05 -6.6967E-05  1.6189E-03  1.6189E-03  1.6189E-03  1.6189E-03  1.6189E-03  1.6189E-03  1.6189E-03  1.6189E-03
206     99           15.0         -15.0        20.0         0.0          15.0         -15.0        5.0          -5.0
4
   0.001  6.7120E-05 -5.2560E-05  5.8478E-04 -5.7503E-04 -5.4187E-04  5.3916E-04 -2.3309E-05  1.7966E-05  3.9589E-05  3.9589E-05  3.9589E-05  3.9589E-05  3.9589E-05  3.9589E-05  3.9589E-05  3.9589E-05
    0.01  1.9610E-04 -6.2890E-05  1.7964E-03 -1.7463E-03 -1.6652E-03  1.6889E-03 -6.8068E-05  1.9866E-05  1.2188E-04  1.2188E-04  1.2188E-04  1.2188E-04  1.2188E-04  1.2188E-04  1.2188E-04  1.2188E-04
     0.1  1.0154E-04  1.8142E-04  5.0436E-03 -6.8855E-03 -4.9618E-03  6.8883E-03 -1.9809E-05 -7.5191E-05  4.2561E-04  4.2561E-04  4.2561E-04  4.2561E-04  4.2561E-04  4.2561E-04  4.2561E-04  4.2561E-04
       1 -1.2778E-06 -6.2471E-04  2.0452E-02 -2.6459E-02 -2.0377E-02  2.5280E-02  1.9229E-04  4.8809E-04  1.6476E-03  1.6476E-03  1.6476E-03  1.6476E-03  1.6476E-03  1.6476E-03  1.6476E-03  1.6476E-03
207     99           -20.0        20.0         -10.0        20.0         -20.0        20.0         -20.0        10.0
4
   0.001  6.9441E-05 -5.7441E-05  6.1070E-04 -5.9787E-04 -6.0841E-04  5.9565E-04 -6.8285E-05  5.7064E-05  4.2652E-05  4.2652E-05  4.2652E-05  4.2652E-05  4.2652E-05  4.2652E-05  4.2652E-05  4.2652E-05
    0.01  2.0666E-04 -9.1877E-05  1.8604E-03 -1.8196E-03 -1.8610E-03  1.8031E-03 -1.9689E-04  1.0600E-04  1.2984E-04  1.2984E-04  1.2984E-04  1.2984E-04  1.2984E-04  1.2984E-04  1.2984E-04  1.2984E-04
     0.1  2.6728E-04  4.6731E-05  5.4672E-03 -7.1271E-03 -5.4674E-03  6.9382E-03 -2.9018E-04  1.6240E-04  4.4539E-04  4.4539E-04  4.4539E-04  4.4539E-04  4.4539E-04  4.4539E-04  4.4539E-04  4.4539E-04
       1  1.6393E-04 -5.3799E-04  2.2182E-02 -2.3981E-02 -2.1956E-02  2.3249E-02 -1.2818E-03  8.7688E-04  1.6160E-03  1.6160E-03  1.6160E-03  1.6160E-03  1.6160E-03  1.6160E-03  1.6160E-03  1.6160E-03
END
