MT 36
1 31 -13.0  -13.0
5
   0.001  2.6032E-05 -1.7020E-05  6.4593E-04 -6.4521E-04 -5.8636E-04  5.7655E-04 -1.4607E-04  1.3669E-04  4.3323E-05  4.3323E-05  4.3323E-05  4.3323E-05  4.3323E-05  4.3323E-05  4.3323E-05  4.3323E-05
    0.01  6.8156E-05 -7.7918E-07  2.0270E-03 -2.0612E-03 -1.8259E-03  1.7799E-03 -4.5252E-04  3.7885E-04  1.3575E-04  1.3575E-04  1.3575E-04  1.3575E-04  1.3575E-04  1.3575E-04  1.3575E-04  1.3575E-04
     0.1 -3.6520E-05  1.6918E-04  6.3090E-03 -6.9868E-03 -5.3124E-03  5.8806E-03 -1.3259E-03  8.0682E-04  4.3186E-04  4.3186E-04  4.3186E-04  4.3186E-04  4.3186E-04  4.3186E-04  4.3186E-04  4.3186E-04
       1 -3.2862E-04 -6.5079E-06  2.2018E-02 -2.5047E-02 -1.9224E-02  2.2299E-02 -2.8812E-03  7.3577E-04  1.5667E-03  1.5667E-03  1.5667E-03  1.5667E-03  1.5667E-03  1.5667E-03  1.5667E-03  1.5667E-03
      10  4.1877E-04 -1.6936E-03  6.8393E-02 -9.2748E-02 -6.4839E-02  7.3142E-02 -2.9106E-03  1.2211E-03  5.3065E-03  5.3065E-03  5.3065E-03  5.3065E-03  5.3065E-03  5.3065E-03  5.3065E-03  5.3065E-03
2 32 -13.0  -9.0
5
   0.001  5.5485E-05 -4.5123E-05  4.7888E-04 -4.7922E-04 -6.3851E-04  6.2777E-04 -2.0744E-04  1.9445E-04  3.8943E-05  3.8943E-05  3.8943E-05  3.8943E-05  3.8943E-05  3.8943E-05  3.8943E-05  3.8943E-05
    0.01  1.6372E-04 -7.9176E-05  1.5000E-03 -1.5387E-03 -1.9843E-03  1.9406E-03 -6.4243E-04  5.4102E-04  1.2211E-04  1.2211E-04  1.2211E-04  1.2211E-04  1.2211E-04  1.2211E-04  1.2211E-04  1.2211E-04
     0.1  2.5707E-04  8.5194E-05  4.6020E-03 -5.3488E-03 -5.6802E-03  6.5345E-03 -1.8508E-03  1.1922E-03  3.9081E-04  3.9081E-04  3.9081E-04  3.9081E-04  3.9081E-04  3.9081E-04  3.9081E-04  3.9081E-04
       1 -2.9310E-04  1.7001E-04  1.6110E-02 -2.1866E-02 -2.1301E-02  2.6802E-02 -4.3552E-03  1.9825E-03  1.5247E-03  1.5247E-03  1.5247E-03  1.5247E-03  1.5247E-03  1.5247E-03  1.5247E-03  1.5247E-03
      10 -2.0796E-03 -4.4678E-03  6.0415E-02 -8.8805E-02 -7.6598E-02  8.7597E-02 -6.4389E-03 -5.4107E-04  5.5898E-03  5.5898E-03  5.5898E-03  5.5898E-03  5.5898E-03  5.5898E-03  5.5898E-03  5.5898E-03
3 33 -13.0  -5.0
5
   0.001  1.1857E-05 -7.3971E-06  3.4686E-04 -3.5304E-04 -6.4825E-04  6.4323E-04 -1.0956E-04  1.0319E-04  3.3614E-05  3.3614E-05  3.3614E-05  3.3614E-05  3.3614E-05  3.3614E-05  3.3614E-05  3.3614E-05
    0.01  3.3577E-05  4.8482E-06  1.0877E-03 -1.1730E-03 -2.0181E-03  2.0278E-03 -3.3728E-04  2.9287E-04  1.0696E-04  1.0696E-04  1.0696E-04  1.0696E-04  1.0696E-04  1.0696E-04  1.0696E-04  1.0696E-04
     0.1 -1.2627E-05  1.9564E-04  3.3576E-03 -4.4302E-03 -5.8471E-03  7.1123E-03 -9.5563E-04  7.2390E-04  3.5771E-04  3.5771E-04  3.5771E-04  3.5771E-04  3.5771E-04  3.5771E-04  3.5771E-04  3.5771E-04
       1 -8.0683E-04  1.6788E-04  1.2768E-02 -2.0950E-02 -2.3055E-02  3.0445E-02 -2.4045E-03  2.4650E-03  1.5305E-03  1.5305E-03  1.5305E-03  1.5305E-03  1.5305E-03  1.5305E-03  1.5305E-03  1.5305E-03
      10  9.2034E-04 -3.6077E-03  6.1226E-02 -8.6857E-02 -8.9057E-02  9.9116E-02 -5.9952E-03  9.4775E-03  5.9498E-03  5.9498E-03  5.9498E-03  5.9498E-03  5.9498E-03  5.9498E-03  5.9498E-03  5.9498E-03
4 34 -13.0  5.0
5
   0.001 -1.0657E-05  7.4311E-06  3.6072E-04 -3.6721E-04 -6.4974E-04  6.4442E-04  1.0881E-04 -1.0341E-04  3.4317E-05  3.4317E-05  3.4317E-05  3.4317E-05  3.4317E-05  3.4317E-05  3.4317E-05  3.4317E-05
    0.01 -3.2060E-05  7.7311E-07  1.1310E-03 -1.2207E-03 -2.0251E-03  2.0287E-03  3.4172E-04 -2.9184E-04  1.0920E-04  1.0920E-04  1.0920E-04  1.0920E-04  1.0920E-04  1.0920E-04  1.0920E-04  1.0920E-04
     0.1  1.3506E-05 -1.5019E-04  3.5017E-03 -4.6103E-03 -5.8991E-03  7.0334E-03  9.6061E-04 -6.7486E-04  3.6450E-04  3.6450E-04  3.6450E-04  3.6450E-04  3.6450E-04  3.6450E-04  3.6450E-04  3.6450E-04
       1  8.2571E-04  3.9273E-04  1.3199E-02 -2.1639E-02 -2.3379E-02  2.8976E-02  2.4304E-03 -1.6755E-03  1.5360E-03  1.5360E-03  1.5360E-03  1.5360E-03  1.5360E-03  1.5360E-03  1.5360E-03  1.5360E-03
      10 -4.0358E-03  8.1157E-03  6.0866E-02 -9.2827E-02 -8.7515E-02  8.4835E-02  4.0372E-03 -2.2241E-03  5.8158E-03  5.8158E-03  5.8158E-03  5.8158E-03  5.8158E-03  5.8158E-03  5.8158E-03  5.8158E-03
5 35 -13.0  9.0
5
   0.001 -6.2461E-05  5.4172E-05  4.8334E-04 -4.8417E-04 -6.2872E-04  6.2016E-04  2.1341E-04 -2.0367E-04  3.8864E-05  3.8864E-05  3.8864E-05  3.8864E-05  3.8864E-05  3.8864E-05  3.8864E-05  3.8864E-05
    0.01 -1.8874E-04  1.1810E-04  1.5140E-03 -1.5576E-03 -1.9571E-03  1.9296E-03  6.6875E-04 -5.8420E-04  1.2216E-04  1.2216E-04  1.2216E-04  1.2216E-04  1.2216E-04  1.2216E-04  1.2216E-04  1.2216E-04
     0.1 -3.3928E-04  1.1367E-04  4.6579E-03 -5.4305E-03 -5.6095E-03  6.5576E-03  1.9454E-03 -1.4120E-03  3.9287E-04  3.9287E-04  3.9287E-04  3.9287E-04  3.9287E-04  3.9287E-04  3.9287E-04  3.9287E-04
       1 -1.9906E-04  1.1892E-03  1.6174E-02 -2.2334E-02 -2.1297E-02  2.7555E-02  4.8773E-03 -3.1358E-03  1.5495E-03  1.5495E-03  1.5495E-03  1.5495E-03  1.5495E-03  1.5495E-03  1.5495E-03  1.5495E-03
      10 -1.4168E-03  1.1314E-02  5.9953E-02 -9.3710E-02 -7.5802E-02  9.6109E-02  8.8676E-03 -4.9349E-03  5.8346E-03  5.8346E-03  5.8346E-03  5.8346E-03  5.8346E-03  5.8346E-03  5.8346E-03  5.8346E-03
6 36 -13.0  13.0
5
   0.001 -3.2806E-05  2.4887E-05  6.5071E-04 -6.4775E-04 -5.8567E-04  5.7720E-04  1.2913E-04 -1.2114E-04  4.3445E-05  4.3445E-05  4.3445E-05  4.3445E-05  4.3445E-05  4.3445E-05  4.3445E-05  4.3445E-05
    0.01 -9.2564E-05  2.8227E-05  2.0398E-03 -2.0556E-03 -1.8271E-03  1.7903E-03  4.0575E-04 -3.3118E-04  1.3609E-04  1.3609E-04  1.3609E-04  1.3609E-04  1.3609E-04  1.3609E-04  1.3609E-04  1.3609E-04
     0.1 -3.1736E-05 -6.5097E-05  6.3501E-03 -6.8400E-03 -5.3254E-03  5.9242E-03  1.1732E-03 -6.2328E-04  4.3113E-04  4.3113E-04  4.3113E-04  4.3113E-04  4.3113E-04  4.3113E-04  4.3113E-04  4.3113E-04
       1 -3.7831E-05  5.5548E-04  2.1666E-02 -2.3831E-02 -1.9312E-02  2.2851E-02  2.2613E-03  7.9808E-05  1.5521E-03  1.5521E-03  1.5521E-03  1.5521E-03  1.5521E-03  1.5521E-03  1.5521E-03  1.5521E-03
      10 -2.8832E-04  2.7069E-03  6.8407E-02 -8.2322E-02 -6.5514E-02  7.8697E-02  5.2064E-04  3.0965E-03  5.2345E-03  5.2345E-03  5.2345E-03  5.2345E-03  5.2345E-03  5.2345E-03  5.2345E-03  5.2345E-03
7 25 -9.0  -13.0
5
   0.001 -1.6051E-07  5.6703E-06  7.8938E-04 -7.8427E-04 -4.5950E-04  4.5078E-04 -1.2220E-04  1.1620E-04  4.2316E-05  4.2316E-05  4.2316E-05  4.2316E-05  4.2316E-05  4.2316E-05  4.2316E-05  4.2316E-05
    0.01 -1.4914E-05  4.4996E-05  2.4723E-03 -2.4786E-03 -1.4294E-03  1.3844E-03 -3.8025E-04  3.3489E-04  1.3197E-04  1.3197E-04  1.3197E-04  1.3197E-04  1.3197E-04  1.3197E-04  1.3197E-04  1.3197E-04
     0.1 -1.9407E-04  1.0377E-04  7.5846E-03 -8.2689E-03 -4.0329E-03  4.5715E-03 -1.1638E-03  8.1435E-04  4.1353E-04  4.1353E-04  4.1353E-04  4.1353E-04  4.1353E-04  4.1353E-04  4.1353E-04  4.1353E-04
       1 -1.3498E-04 -2.2554E-04  2.6589E-02 -2.9940E-02 -1.4089E-02  2.0193E-02 -3.0821E-03  6.0089E-04  1.5700E-03  1.5700E-03  1.5700E-03  1.5700E-03  1.5700E-03  1.5700E-03  1.5700E-03  1.5700E-03
      10  2.7867E-03  2.5149E-03  8.2982E-02 -9.8403E-02 -6.0188E-02  7.7729E-02 -3.2559E-03 -3.7929E-03  5.6246E-03  5.6246E-03  5.6246E-03  5.6246E-03  5.6246E-03  5.6246E-03  5.6246E-03  5.6246E-03
8 26 -9.0  -9.0
5
   0.001  1.3944E-04 -1.1284E-04  1.3543E-03 -1.3187E-03 -9.0636E-04  8.5896E-04 -5.5590E-04  5.2677E-04  7.6818E-05  7.6818E-05  7.6818E-05  7.6818E-05  7.6818E-05  7.6818E-05  7.6818E-05  7.6818E-05
    0.01  3.9389E-04 -2.0871E-04  4.2206E-03 -3.9962E-03 -2.7783E-03  2.4570E-03 -1.7248E-03  1.5032E-03  2.3215E-04  2.3215E-04  2.3215E-04  2.3215E-04  2.3215E-04  2.3215E-04  2.3215E-04  2.3215E-04
     0.1  5.3454E-04 -2.5360E-04  1.2376E-02 -1.2094E-02 -7.1270E-03  7.2915E-03 -4.9708E-03  3.7236E-03  6.6414E-04  6.6414E-04  6.6414E-04  6.6414E-04  6.6414E-04  6.6414E-04  6.6414E-04  6.6414E-04
       1  9.0821E-04 -3.0412E-03  3.4073E-02 -4.6535E-02 -1.8941E-02  3.5265E-02 -1.2657E-02  9.2445E-03  2.4025E-03  2.4025E-03  2.4025E-03  2.4025E-03  2.4025E-03  2.4025E-03  2.4025E-03  2.4025E-03
      10  2.5002E-02 -1.4707E-02  7.9700E-02 -2.6055E-01 -1.4548E-02  2.4560E-01 -5.0345E-02  1.6735E-02  1.2945E-02  1.2945E-02  1.2945E-02  1.2945E-02  1.2945E-02  1.2945E-02  1.2945E-02  1.2945E-02
9 27 -9.0  -5.0
5
   0.001 -3.3298E-05  4.1214E-05  1.4843E-03 -1.4458E-03 -6.9057E-04  6.5687E-04 -1.4207E-04  1.3552E-04  7.0265E-05  7.0265E-05  7.0265E-05  7.0265E-05  7.0265E-05  7.0265E-05  7.0265E-05  7.0265E-05
    0.01 -1.2842E-04  1.6613E-04  4.6154E-03 -4.3893E-03 -2.1186E-03  1.8956E-03 -4.3626E-04  3.9766E-04  2.1276E-04  2.1276E-04  2.1276E-04  2.1276E-04  2.1276E-04  2.1276E-04  2.1276E-04  2.1276E-04
     0.1 -6.9162E-04  4.0580E-04  1.3151E-02 -1.3636E-02 -5.4371E-03  5.7312E-03 -1.1948E-03  1.1688E-03  6.1168E-04  6.1168E-04  6.1168E-04  6.1168E-04  6.1168E-04  6.1168E-04  6.1168E-04  6.1168E-04
       1 -1.9831E-03 -1.8420E-03  3.4082E-02 -6.4122E-02 -1.2966E-02  2.9464E-02 -3.0525E-03  5.6998E-03  2.4174E-03  2.4174E-03  2.4174E-03  2.4174E-03  2.4174E-03  2.4174E-03  2.4174E-03  2.4174E-03
      10 -1.5213E-02 -3.7210E-02  9.8961E-02 -4.0398E-01  1.2217E-02  2.5084E-01  1.2530E-03  3.2003E-02  1.6160E-02  1.6160E-02  1.6160E-02  1.6160E-02  1.6160E-02  1.6160E-02  1.6160E-02  1.6160E-02
10 28 -9.0  5.0
5
   0.001  3.7556E-05 -4.3928E-05  1.4766E-03 -1.4382E-03 -6.6841E-04  6.3733E-04  1.1257E-04 -1.1101E-04  6.8987E-05  6.8987E-05  6.8987E-05  6.8987E-05  6.8987E-05  6.8987E-05  6.8987E-05  6.8987E-05
    0.01  1.3279E-04 -1.8059E-04  4.5888E-03 -4.3684E-03 -2.0557E-03  1.8466E-03  3.5281E-04 -3.4163E-04  2.0921E-04  2.0921E-04  2.0921E-04  2.0921E-04  2.0921E-04  2.0921E-04  2.0921E-04  2.0921E-04
     0.1  6.6870E-04 -5.3955E-04  1.3080E-02 -1.3613E-02 -5.3315E-03  5.5593E-03  9.6749E-04 -1.1253E-03  6.0294E-04  6.0294E-04  6.0294E-04  6.0294E-04  6.0294E-04  6.0294E-04  6.0294E-04  6.0294E-04
       1  1.2042E-03 -3.2992E-04  3.4252E-02 -6.4272E-02 -1.3911E-02  2.7661E-02  2.4709E-03 -6.3366E-03  2.3743E-03  2.3743E-03  2.3743E-03  2.3743E-03  2.3743E-03  2.3743E-03  2.3743E-03  2.3743E-03
      10 -2.5203E-03 -2.0298E-03  1.3357E-01 -3.9008E-01 -2.3549E-02  2.0397E-01  1.1300E-02 -4.3838E-02  1.4548E-02  1.4548E-02  1.4548E-02  1.4548E-02  1.4548E-02  1.4548E-02  1.4548E-02  1.4548E-02
11 29 -9.0  9.0
5
   0.001 -1.9157E-04  1.6535E-04  1.2436E-03 -1.2118E-03 -9.3698E-04  8.9336E-04  4.4381E-04 -4.2123E-04  7.4965E-05  7.4965E-05  7.4965E-05  7.4965E-05  7.4965E-05  7.4965E-05  7.4965E-05  7.4965E-05
    0.01 -5.6445E-04  3.6568E-04  3.8759E-03 -3.6781E-03 -2.8817E-03  2.5867E-03  1.3848E-03 -1.1950E-03  2.2744E-04  2.2744E-04  2.2744E-04  2.2744E-04  2.2744E-04  2.2744E-04  2.2744E-04  2.2744E-04
     0.1 -1.0128E-03  6.9035E-04  1.1373E-02 -1.1162E-02 -7.4519E-03  7.8141E-03  3.9643E-03 -2.8616E-03  6.5587E-04  6.5587E-04  6.5587E-04  6.5587E-04  6.5587E-04  6.5587E-04  6.5587E-04  6.5587E-04
       1 -1.6983E-03  4.5863E-03  3.0908E-02 -4.3751E-02 -1.9588E-02  3.8575E-02  8.9184E-03 -6.9050E-03  2.4070E-03  2.4070E-03  2.4070E-03  2.4070E-03  2.4070E-03  2.4070E-03  2.4070E-03  2.4070E-03
      10  1.3995E-02  4.5626E-02  7.1757E-02 -2.5771E-01 -4.5790E-04  2.9069E-01  6.6640E-03 -3.6090E-02  1.3943E-02  1.3943E-02  1.3943E-02  1.3943E-02  1.3943E-02  1.3943E-02  1.3943E-02  1.3943E-02
12 30 -9.0  13.0
5
   0.001 -3.0287E-06 -1.8307E-06  7.8194E-04 -7.7640E-04 -4.5626E-04  4.4820E-04  1.1542E-04 -1.1049E-04  4.1975E-05  4.1975E-05  4.1975E-05  4.1975E-05  4.1975E-05  4.1975E-05  4.1975E-05  4.1975E-05
    0.01  1.1806E-06 -3.6191E-05  2.4473E-03 -2.4524E-03 -1.4213E-03  1.3803E-03  3.6367E-04 -3.1740E-04  1.3100E-04  1.3100E-04  1.3100E-04  1.3100E-04  1.3100E-04  1.3100E-04  1.3100E-04  1.3100E-04
     0.1  1.7530E-04 -9.1344E-05  7.5314E-03 -8.1533E-03 -3.9965E-03  4.5602E-03  1.1101E-03 -7.4053E-04  4.1019E-04  4.1019E-04  4.1019E-04  4.1019E-04  4.1019E-04  4.1019E-04  4.1019E-04  4.1019E-04
       1  7.6176E-05  5.0227E-04  2.6254E-02 -2.9295E-02 -1.3704E-02  2.0752E-02  2.9463E-03 -1.6025E-04  1.5639E-03  1.5639E-03  1.5639E-03  1.5639E-03  1.5639E-03  1.5639E-03  1.5639E-03  1.5639E-03
      10 -2.8954E-03 -3.2401E-03  8.3962E-02 -9.3840E-02 -5.8333E-02  8.9556E-02  3.2070E-03  1.0490E-02  5.8004E-03  5.8004E-03  5.8004E-03  5.8004E-03  5.8004E-03  5.8004E-03  5.8004E-03  5.8004E-03
13 19 -5.0  -13.0
5
   0.001 -2.5357E-04  2.3131E-04  8.6461E-04 -8.5487E-04 -4.5467E-04  4.4396E-04  4.8101E-05 -4.2336E-05  4.3950E-05  4.3950E-05  4.3950E-05  4.3950E-05  4.3950E-05  4.3950E-05  4.3950E-05  4.3950E-05
    0.01 -7.9137E-04  5.8361E-04  2.7046E-03 -2.6733E-03 -1.4198E-03  1.3446E-03  1.4991E-04 -9.4172E-05  1.3635E-04  1.3635E-04  1.3635E-04  1.3635E-04  1.3635E-04  1.3635E-04  1.3635E-04  1.3635E-04
     0.1 -1.9735E-03  7.4225E-04  8.2203E-03 -8.7469E-03 -3.9620E-03  4.1674E-03  3.7178E-04  1.4642E-05  4.1540E-04  4.1540E-04  4.1540E-04  4.1540E-04  4.1540E-04  4.1540E-04  4.1540E-04  4.1540E-04
       1 -2.9535E-03  9.3386E-04  2.9047E-02 -3.1060E-02 -1.2335E-02  1.8716E-02 -2.0248E-05  1.0295E-03  1.5437E-03  1.5437E-03  1.5437E-03  1.5437E-03  1.5437E-03  1.5437E-03  1.5437E-03  1.5437E-03
      10 -4.1976E-03  5.3116E-04  9.4236E-02 -8.0279E-02 -5.4293E-02  8.3553E-02 -1.4012E-03  4.3805E-03  5.5532E-03  5.5532E-03  5.5532E-03  5.5532E-03  5.5532E-03  5.5532E-03  5.5532E-03  5.5532E-03
14 20 -5.0  -9.0
5
   0.001 -3.1720E-04  2.8996E-04  1.0740E-03 -1.0430E-03 -1.0283E-03  9.7849E-04  1.5385E-05 -7.8951E-06  7.2887E-05  7.2887E-05  7.2887E-05  7.2887E-05  7.2887E-05  7.2887E-05  7.2887E-05  7.2887E-05
    0.01 -9.8159E-04  7.4170E-04  3.3466E-03 -3.1385E-03 -3.1683E-03  2.8144E-03  4.2290E-05  2.7560E-05  2.2047E-04  2.2047E-04  2.2047E-04  2.2047E-04  2.2047E-04  2.2047E-04  2.2047E-04  2.2047E-04
     0.1 -2.3890E-03  1.2401E-03  9.7380E-03 -9.3110E-03 -8.1356E-03  8.1804E-03 -1.1286E-04  3.8261E-04  6.2338E-04  6.2338E-04  6.2338E-04  6.2338E-04  6.2338E-04  6.2338E-04  6.2338E-04  6.2338E-04
       1 -3.7907E-03  4.2413E-03  2.4844E-02 -3.6976E-02 -1.7795E-02  4.3024E-02 -3.2504E-03 -4.8176E-04  2.2771E-03  2.2771E-03  2.2771E-03  2.2771E-03  2.2771E-03  2.2771E-03  2.2771E-03  2.2771E-03
      10  2.0429E-02  3.1263E-02  4.7059E-02 -2.3347E-01  4.0632E-02  3.6043E-01 -5.5422E-02 -5.6429E-02  1.4696E-02  1.4696E-02  1.4696E-02  1.4696E-02  1.4696E-02  1.4696E-02  1.4696E-02  1.4696E-02
15 21 -5.0  -5.0
5
   0.001 -1.9479E-04  1.7431E-04  1.2973E-03 -1.2599E-03 -6.3860E-04  6.0586E-04 -2.0187E-05  2.2547E-05  6.3086E-05  6.3086E-05  6.3086E-05  6.3086E-05  6.3086E-05  6.3086E-05  6.3086E-05  6.3086E-05
    0.01 -6.0186E-04  4.1605E-04  4.0302E-03 -3.7994E-03 -1.9517E-03  1.7416E-03 -6.2430E-05  9.2040E-05  1.9032E-04  1.9032E-04  1.9032E-04  1.9032E-04  1.9032E-04  1.9032E-04  1.9032E-04  1.9032E-04
     0.1 -1.4593E-03  4.3244E-04  1.1380E-02 -1.1660E-02 -4.8194E-03  5.3800E-03 -2.3280E-04  4.6808E-04  5.4242E-04  5.4242E-04  5.4242E-04  5.4242E-04  5.4242E-04  5.4242E-04  5.4242E-04  5.4242E-04
       1 -3.7511E-03 -1.5006E-03  2.8677E-02 -5.5838E-02 -9.4249E-03  3.2920E-02 -6.8209E-04  2.5353E-03  2.3181E-03  2.3181E-03  2.3181E-03  2.3181E-03  2.3181E-03  2.3181E-03  2.3181E-03  2.3181E-03
      10 -2.8730E-02 -4.7902E-02  9.1290E-02 -3.5679E-01  3.3171E-02  3.0229E-01  1.7086E-02  2.8987E-02  1.6733E-02  1.6733E-02  1.6733E-02  1.6733E-02  1.6733E-02  1.6733E-02  1.6733E-02  1.6733E-02
16 22 -5.0  5.0
5
   0.001  1.9257E-04 -1.6937E-04  1.3155E-03 -1.2774E-03 -6.5316E-04  6.1908E-04  2.3776E-05 -2.8611E-05  6.4229E-05  6.4229E-05  6.4229E-05  6.4229E-05  6.4229E-05  6.4229E-05  6.4229E-05  6.4229E-05
    0.01  5.8463E-04 -4.0045E-04  4.0847E-03 -3.8548E-03 -1.9972E-03  1.7758E-03  8.1829E-05 -1.1625E-04  1.9371E-04  1.9371E-04  1.9371E-04  1.9371E-04  1.9371E-04  1.9371E-04  1.9371E-04  1.9371E-04
     0.1  1.3168E-03 -4.2268E-04  1.1562E-02 -1.1838E-02 -4.9274E-03  5.4277E-03  3.1994E-04 -5.5318E-04  5.5069E-04  5.5069E-04  5.5069E-04  5.5069E-04  5.5069E-04  5.5069E-04  5.5069E-04  5.5069E-04
       1  1.7547E-03 -1.1494E-03  2.9629E-02 -5.6433E-02 -9.4598E-03  3.2964E-02  1.9964E-03 -2.1517E-03  2.3377E-03  2.3377E-03  2.3377E-03  2.3377E-03  2.3377E-03  2.3377E-03  2.3377E-03  2.3377E-03
      10  1.9087E-03  2.0168E-03  1.2115E-01 -3.4121E-01  4.0980E-02  3.0956E-01  6.5331E-03 -2.2406E-03  1.6812E-02  1.6812E-02  1.6812E-02  1.6812E-02  1.6812E-02  1.6812E-02  1.6812E-02  1.6812E-02
17 23 -5.0  9.0
5
   0.001  2.6542E-04 -2.3830E-04  1.1012E-03 -1.0681E-03 -1.0065E-03  9.5806E-04 -2.0479E-05  8.4501E-06  7.3002E-05  7.3002E-05  7.3002E-05  7.3002E-05  7.3002E-05  7.3002E-05  7.3002E-05  7.3002E-05
    0.01  8.1483E-04 -5.9083E-04  3.4259E-03 -3.2132E-03 -3.1032E-03  2.7590E-03 -4.9257E-05 -3.9966E-05  2.2081E-04  2.2081E-04  2.2081E-04  2.2081E-04  2.2081E-04  2.2081E-04  2.2081E-04  2.2081E-04
     0.1  1.9176E-03 -8.0078E-04  9.9684E-03 -9.5480E-03 -7.9769E-03  8.0153E-03  6.0486E-05 -5.6647E-04  6.2468E-04  6.2468E-04  6.2468E-04  6.2468E-04  6.2468E-04  6.2468E-04  6.2468E-04  6.2468E-04
       1  3.0074E-03 -2.5473E-03  2.5496E-02 -3.8080E-02 -1.8423E-02  4.1915E-02  2.3832E-03 -1.7922E-03  2.2903E-03  2.2903E-03  2.2903E-03  2.2903E-03  2.2903E-03  2.2903E-03  2.2903E-03  2.2903E-03
      10 -2.4603E-03 -1.3359E-02  5.2876E-02 -2.4010E-01 -2.0273E-02  3.2736E-01  2.5729E-02  1.3381E-02  1.4198E-02  1.4198E-02  1.4198E-02  1.4198E-02  1.4198E-02  1.4198E-02  1.4198E-02  1.4198E-02
18 24 -5.0  13.0
5
   0.001  2.4420E-04 -2.1990E-04  8.6021E-04 -8.4900E-04 -4.4428E-04  4.3361E-04 -4.9841E-05  4.3209E-05  4.3310E-05  4.3310E-05  4.3310E-05  4.3310E-05  4.3310E-05  4.3310E-05  4.3310E-05  4.3310E-05
    0.01  7.5681E-04 -5.4477E-04  2.6868E-03 -2.6510E-03 -1.3879E-03  1.3133E-03 -1.5026E-04  9.9292E-05  1.3428E-04  1.3428E-04  1.3428E-04  1.3428E-04  1.3428E-04  1.3428E-04  1.3428E-04  1.3428E-04
     0.1  1.8722E-03 -5.7153E-04  8.1846E-03 -8.6269E-03 -3.8597E-03  4.0549E-03 -3.6752E-04  4.6854E-05  4.0796E-04  4.0796E-04  4.0796E-04  4.0796E-04  4.0796E-04  4.0796E-04  4.0796E-04  4.0796E-04
       1  2.5952E-03  2.2970E-04  2.8811E-02 -3.0118E-02 -1.2095E-02  1.8403E-02  1.0805E-04 -1.9285E-04  1.5148E-03  1.5148E-03  1.5148E-03  1.5148E-03  1.5148E-03  1.5148E-03  1.5148E-03  1.5148E-03
      10  2.1550E-03  5.3532E-03  9.0475E-02 -7.5790E-02 -5.4326E-02  7.9002E-02 -1.4951E-03  3.6097E-03  5.3188E-03  5.3188E-03  5.3188E-03  5.3188E-03  5.3188E-03  5.3188E-03  5.3188E-03  5.3188E-03
19 13 5.0  -13.0
5
   0.001 -3.5084E-05  2.8289E-05  3.8389E-04 -3.9139E-04 -9.9474E-04  9.7689E-04  1.1664E-04 -1.0532E-04  4.3714E-05  4.3714E-05  4.3714E-05  4.3714E-05  4.3714E-05  4.3714E-05  4.3714E-05  4.3714E-05
    0.01 -1.0916E-04  4.0256E-05  1.2133E-03 -1.2979E-03 -3.1536E-03  2.9728E-03  3.6141E-04 -2.5419E-04  1.3874E-04  1.3874E-04  1.3874E-04  1.3874E-04  1.3874E-04  1.3874E-04  1.3874E-04  1.3874E-04
     0.1 -1.6376E-04 -2.3463E-04  3.9988E-03 -4.6449E-03 -9.4542E-03  8.1034E-03  8.4818E-04 -3.1988E-04  4.3680E-04  4.3680E-04  4.3680E-04  4.3680E-04  4.3680E-04  4.3680E-04  4.3680E-04  4.3680E-04
       1  5.4440E-04 -1.0922E-03  1.3738E-02 -1.6272E-02 -2.6033E-02  2.5496E-02  1.3917E-03 -4.2964E-04  1.3928E-03  1.3928E-03  1.3928E-03  1.3928E-03  1.3928E-03  1.3928E-03  1.3928E-03  1.3928E-03
      10  1.8255E-03 -3.6026E-03  4.3332E-02 -7.1299E-02 -7.5358E-02  9.3709E-02  1.8477E-03 -1.9199E-03  5.0082E-03  5.0082E-03  5.0082E-03  5.0082E-03  5.0082E-03  5.0082E-03  5.0082E-03  5.0082E-03
20 14 5.0  -9.0
5
   0.001  6.3600E-06 -8.2228E-06  1.2533E-04 -1.4654E-04 -1.3781E-04  1.4718E-04  1.4776E-05 -1.3156E-05  9.8588E-06  9.8588E-06  9.8588E-06  9.8588E-06  9.8588E-06  9.8588E-06  9.8588E-06  9.8588E-06
    0.01  1.8162E-05 -4.1591E-05  4.0692E-04 -6.0721E-04 -4.4102E-04  5.2898E-04  4.6249E-05 -2.9920E-05  3.5476E-05  3.5476E-05  3.5476E-05  3.5476E-05  3.5476E-05  3.5476E-05  3.5476E-05  3.5476E-05
     0.1  9.2954E-05 -3.1369E-04  1.7941E-03 -3.0362E-03 -1.5101E-03  2.1760E-03  1.1232E-04 -7.6893E-06  1.5281E-04  1.5281E-04  1.5281E-04  1.5281E-04  1.5281E-04  1.5281E-04  1.5281E-04  1.5281E-04
       1  1.0204E-03 -1.0938E-03  9.6829E-03 -9.7740E-03 -6.9819E-03  9.1270E-03  1.7953E-04  2.8501E-04  6.2869E-04  6.2869E-04  6.2869E-04  6.2869E-04  6.2869E-04  6.2869E-04  6.2869E-04  6.2869E-04
      10  2.9655E-03 -3.1638E-03  3.1387E-02 -2.1455E-02 -3.2558E-02  2.1522E-02 -7.1425E-04  2.1207E-03  1.9260E-03  1.9260E-03  1.9260E-03  1.9260E-03  1.9260E-03  1.9260E-03  1.9260E-03  1.9260E-03
21 15 5.0  -5.0
5
   0.001  3.3948E-06 -2.8401E-06  8.8681E-05 -1.1119E-04 -2.1927E-04  2.3951E-04  9.4956E-06 -9.1752E-06  1.0745E-05  1.0745E-05  1.0745E-05  1.0745E-05  1.0745E-05  1.0745E-05  1.0745E-05  1.0745E-05
    0.01  9.9766E-06 -6.5426E-06  2.9470E-04 -5.0211E-04 -7.1562E-04  8.8885E-04  3.0042E-05 -2.5115E-05  4.0754E-05  4.0754E-05  4.0754E-05  4.0754E-05  4.0754E-05  4.0754E-05  4.0754E-05  4.0754E-05
     0.1  4.5155E-05 -1.1984E-06  1.5429E-03 -2.6496E-03 -2.8384E-03  3.4973E-03  6.6866E-05 -7.3144E-05  1.8581E-04  1.8581E-04  1.8581E-04  1.8581E-04  1.8581E-04  1.8581E-04  1.8581E-04  1.8581E-04
       1  1.7594E-06  7.3323E-04  7.8387E-03 -7.8434E-03 -1.0842E-02  9.3932E-03  1.6175E-04 -4.7950E-04  6.3062E-04  6.3062E-04  6.3062E-04  6.3062E-04  6.3062E-04  6.3062E-04  6.3062E-04  6.3062E-04
      10 -2.0502E-03  1.8684E-03  2.6246E-02 -1.8813E-02 -3.3157E-02  1.9038E-02  1.7581E-03 -2.4296E-03  1.7569E-03  1.7569E-03  1.7569E-03  1.7569E-03  1.7569E-03  1.7569E-03  1.7569E-03  1.7569E-03
22 16 5.0  5.0
5
   0.001 -1.6545E-06  2.0352E-06  8.2470E-05 -1.0504E-04 -2.1818E-04  2.3860E-04 -1.6592E-05  1.4940E-05  1.0389E-05  1.0389E-05  1.0389E-05  1.0389E-05  1.0389E-05  1.0389E-05  1.0389E-05  1.0389E-05
    0.01 -4.7862E-06  9.0270E-06  2.7457E-04 -4.8307E-04 -7.1212E-04  8.8729E-04 -5.0893E-05  3.8940E-05  3.9754E-05  3.9754E-05  3.9754E-05  3.9754E-05  3.9754E-05  3.9754E-05  3.9754E-05  3.9754E-05
     0.1 -4.2329E-05  7.6301E-05  1.4636E-03 -2.6080E-03 -2.8238E-03  3.5109E-03 -1.3259E-04  4.7961E-05  1.8354E-04  1.8354E-04  1.8354E-04  1.8354E-04  1.8354E-04  1.8354E-04  1.8354E-04  1.8354E-04
       1 -2.2056E-04 -2.9078E-04  7.7501E-03 -8.0667E-03 -1.0788E-02  9.5635E-03 -2.6374E-04  9.1577E-05  6.3496E-04  6.3496E-04  6.3496E-04  6.3496E-04  6.3496E-04  6.3496E-04  6.3496E-04  6.3496E-04
      10  1.2200E-03 -2.0899E-03  2.5204E-02 -1.9653E-02 -3.3566E-02  1.9483E-02 -5.2932E-04 -1.1018E-03  1.7610E-03  1.7610E-03  1.7610E-03  1.7610E-03  1.7610E-03  1.7610E-03  1.7610E-03  1.7610E-03
23 17 5.0  9.0
5
   0.001  1.1486E-05 -1.2344E-05  1.2939E-04 -1.5050E-04 -1.4749E-04  1.5813E-04 -1.5719E-05  1.4306E-05  1.0358E-05  1.0358E-05  1.0358E-05  1.0358E-05  1.0358E-05  1.0358E-05  1.0358E-05  1.0358E-05
    0.01  3.9568E-05 -4.3796E-05  4.1936E-04 -6.1930E-04 -4.7344E-04  5.7176E-04 -4.7628E-05  3.8377E-05  3.7256E-05  3.7256E-05  3.7256E-05  3.7256E-05  3.7256E-05  3.7256E-05  3.7256E-05  3.7256E-05
     0.1  1.4607E-04 -8.3190E-05  1.8185E-03 -3.0745E-03 -1.6503E-03  2.3461E-03 -1.1533E-04  8.1220E-05  1.6005E-04  1.6005E-04  1.6005E-04  1.6005E-04  1.6005E-04  1.6005E-04  1.6005E-04  1.6005E-04
       1  1.4021E-04 -6.0861E-04  9.6388E-03 -1.0287E-02 -7.5514E-03  9.5090E-03 -2.8628E-04  4.6763E-04  6.5417E-04  6.5417E-04  6.5417E-04  6.5417E-04  6.5417E-04  6.5417E-04  6.5417E-04  6.5417E-04
      10  2.6440E-03 -2.4726E-03  3.2481E-02 -2.3872E-02 -3.2156E-02  2.1121E-02 -2.3565E-03  6.0898E-04  1.9690E-03  1.9690E-03  1.9690E-03  1.9690E-03  1.9690E-03  1.9690E-03  1.9690E-03  1.9690E-03
24 18 5.0  13.0
5
   0.001  4.5414E-05 -3.6901E-05  4.0240E-04 -4.0932E-04 -1.0166E-03  9.9846E-04 -1.1225E-04  9.8246E-05  4.5218E-05  4.5218E-05  4.5218E-05  4.5218E-05  4.5218E-05  4.5218E-05  4.5218E-05  4.5218E-05
    0.01  1.3825E-04 -6.4176E-05  1.2705E-03 -1.3519E-03 -3.2273E-03  3.0379E-03 -3.3682E-04  2.3724E-04  1.4338E-04  1.4338E-04  1.4338E-04  1.4338E-04  1.4338E-04  1.4338E-04  1.4338E-04  1.4338E-04
     0.1  2.3392E-04  2.1577E-04  4.1659E-03 -4.7952E-03 -9.6785E-03  8.1955E-03 -7.8383E-04  2.9958E-04  4.4877E-04  4.4877E-04  4.4877E-04  4.4877E-04  4.4877E-04  4.4877E-04  4.4877E-04  4.4877E-04
       1 -4.8589E-04  9.5512E-04  1.4311E-02 -1.6747E-02 -2.6374E-02  2.5688E-02 -1.3599E-03  6.3169E-04  1.4239E-03  1.4239E-03  1.4239E-03  1.4239E-03  1.4239E-03  1.4239E-03  1.4239E-03  1.4239E-03
      10 -1.8047E-03  3.3394E-03  4.3957E-02 -7.2300E-02 -7.8003E-02  9.1972E-02 -1.9573E-03  1.9791E-03  5.0507E-03  5.0507E-03  5.0507E-03  5.0507E-03  5.0507E-03  5.0507E-03  5.0507E-03  5.0507E-03
25 7 9.0  -13.0
5
   0.001  1.6436E-04 -1.6023E-04  4.8703E-04 -4.9029E-04 -9.6670E-04  9.5374E-04 -1.1958E-04  1.1293E-04  4.8437E-05  4.8437E-05  4.8437E-05  4.8437E-05  4.8437E-05  4.8437E-05  4.8437E-05  4.8437E-05
    0.01  5.3035E-04 -4.7888E-04  1.5412E-03 -1.5823E-03 -3.0744E-03  2.9309E-03 -3.7646E-04  3.2250E-04  1.5315E-04  1.5315E-04  1.5315E-04  1.5315E-04  1.5315E-04  1.5315E-04  1.5315E-04  1.5315E-04
     0.1  1.7447E-03 -8.6173E-04  5.0143E-03 -5.1890E-03 -9.4526E-03  7.9441E-03 -1.2313E-03  5.5209E-04  4.7196E-04  4.7196E-04  4.7196E-04  4.7196E-04  4.7196E-04  4.7196E-04  4.7196E-04  4.7196E-04
       1  2.9980E-03  4.7028E-04  1.5484E-02 -1.6864E-02 -2.5362E-02  2.3312E-02 -1.6134E-03 -1.1689E-03  1.4041E-03  1.4041E-03  1.4041E-03  1.4041E-03  1.4041E-03  1.4041E-03  1.4041E-03  1.4041E-03
      10 -1.0743E-03  4.8786E-03  4.9074E-02 -6.9298E-02 -7.0809E-02  8.4603E-02  2.2644E-03 -3.2432E-03  4.8395E-03  4.8395E-03  4.8395E-03  4.8395E-03  4.8395E-03  4.8395E-03  4.8395E-03  4.8395E-03
26 8 9.0  -9.0
5
   0.001  6.1346E-05 -5.9276E-05  1.1457E-04 -1.2795E-04 -1.9045E-04  2.0286E-04 -4.1702E-05  4.1043E-05  1.0930E-05  1.0930E-05  1.0930E-05  1.0930E-05  1.0930E-05  1.0930E-05  1.0930E-05  1.0930E-05
    0.01  1.9736E-04 -1.7306E-04  3.6759E-04 -4.9665E-04 -6.0988E-04  7.2678E-04 -1.3402E-04  1.2621E-04  3.8283E-05  3.8283E-05  3.8283E-05  3.8283E-05  3.8283E-05  3.8283E-05  3.8283E-05  3.8283E-05
     0.1  6.4354E-04 -2.9708E-04  1.4173E-03 -2.3193E-03 -2.1478E-03  2.9256E-03 -4.7440E-04  2.7249E-04  1.5704E-04  1.5704E-04  1.5704E-04  1.5704E-04  1.5704E-04  1.5704E-04  1.5704E-04  1.5704E-04
       1  1.0858E-03  8.5710E-04  7.1035E-03 -9.5235E-03 -9.6476E-03  1.0846E-02 -8.0743E-04 -3.8055E-04  6.5662E-04  6.5662E-04  6.5662E-04  6.5662E-04  6.5662E-04  6.5662E-04  6.5662E-04  6.5662E-04
      10 -4.2208E-03  5.6197E-04  3.1559E-02 -2.4674E-02 -3.7595E-02  1.9621E-02  1.6966E-03  2.1120E-03  2.0608E-03  2.0608E-03  2.0608E-03  2.0608E-03  2.0608E-03  2.0608E-03  2.0608E-03  2.0608E-03
27 9 9.0  -5.0
5
   0.001  1.7532E-05 -1.7308E-05  8.5636E-05 -9.9809E-05 -2.3514E-04  2.5620E-04 -1.1083E-05  1.1968E-05  1.0693E-05  1.0693E-05  1.0693E-05  1.0693E-05  1.0693E-05  1.0693E-05  1.0693E-05  1.0693E-05
    0.01  5.4702E-05 -5.4684E-05  2.7755E-04 -4.1158E-04 -7.6013E-04  9.5171E-04 -3.7284E-05  4.4892E-05  3.8879E-05  3.8879E-05  3.8879E-05  3.8879E-05  3.8879E-05  3.8879E-05  3.8879E-05  3.8879E-05
     0.1  1.6931E-04 -1.8068E-04  1.1652E-03 -2.0525E-03 -2.9389E-03  3.9283E-03 -1.8059E-04  1.1296E-04  1.7014E-04  1.7014E-04  1.7014E-04  1.7014E-04  1.7014E-04  1.7014E-04  1.7014E-04  1.7014E-04
       1  8.8236E-04 -1.8832E-04  6.2271E-03 -8.5596E-03 -1.2873E-02  1.1806E-02 -5.7658E-04 -4.3928E-04  6.7987E-04  6.7987E-04  6.7987E-04  6.7987E-04  6.7987E-04  6.7987E-04  6.7987E-04  6.7987E-04
      10 -2.4587E-05  2.9380E-03  2.8293E-02 -1.9675E-02 -3.6804E-02  1.9084E-02  2.6243E-03 -2.3842E-03  1.8899E-03  1.8899E-03  1.8899E-03  1.8899E-03  1.8899E-03  1.8899E-03  1.8899E-03  1.8899E-03
28 10 9.0  5.0
5
   0.001 -2.0597E-05  2.0347E-05  8.4869E-05 -9.9133E-05 -2.3274E-04  2.5401E-04  5.5197E-06 -5.1834E-06  1.0602E-05  1.0602E-05  1.0602E-05  1.0602E-05  1.0602E-05  1.0602E-05  1.0602E-05  1.0602E-05
    0.01 -6.5823E-05  6.1771E-05  2.7548E-04 -4.0950E-04 -7.5433E-04  9.4500E-04  2.0641E-05 -9.6038E-06  3.8625E-05  3.8625E-05  3.8625E-05  3.8625E-05  3.8625E-05  3.8625E-05  3.8625E-05  3.8625E-05
     0.1 -2.0913E-04  1.7201E-04  1.1664E-03 -2.0420E-03 -2.9551E-03  3.8685E-03  6.5383E-05  7.7420E-05  1.6917E-04  1.6917E-04  1.6917E-04  1.6917E-04  1.6917E-04  1.6917E-04  1.6917E-04  1.6917E-04
       1 -6.3935E-04  7.8123E-05  6.2944E-03 -8.1949E-03 -1.2547E-02  1.0899E-02 -2.8906E-04  5.6593E-04  6.5524E-04  6.5524E-04  6.5524E-04  6.5524E-04  6.5524E-04  6.5524E-04  6.5524E-04  6.5524E-04
      10 -2.3203E-05 -6.4019E-04  2.5302E-02 -2.0960E-02 -3.2856E-02  2.1056E-02 -1.5534E-03  1.3122E-04  1.7904E-03  1.7904E-03  1.7904E-03  1.7904E-03  1.7904E-03  1.7904E-03  1.7904E-03  1.7904E-03
29 11 9.0  9.0
5
   0.001 -7.0672E-05  6.9723E-05  1.1234E-04 -1.2411E-04 -1.8421E-04  1.9414E-04  4.4774E-05 -4.4831E-05  1.0583E-05  1.0583E-05  1.0583E-05  1.0583E-05  1.0583E-05  1.0583E-05  1.0583E-05  1.0583E-05
    0.01 -2.2729E-04  2.1163E-04  3.6065E-04 -4.7189E-04 -5.8997E-04  6.8089E-04  1.4525E-04 -1.3861E-04  3.6575E-05  3.6575E-05  3.6575E-05  3.6575E-05  3.6575E-05  3.6575E-05  3.6575E-05  3.6575E-05
     0.1 -7.3022E-04  5.0817E-04  1.3577E-03 -2.1327E-03 -2.0180E-03  2.6328E-03  5.0169E-04 -3.3906E-04  1.4480E-04  1.4480E-04  1.4480E-04  1.4480E-04  1.4480E-04  1.4480E-04  1.4480E-04  1.4480E-04
       1 -1.8393E-03  4.8498E-04  6.5825E-03 -8.6965E-03 -8.5311E-03  1.0102E-02  1.1703E-03  1.2151E-05  6.0044E-04  6.0044E-04  6.0044E-04  6.0044E-04  6.0044E-04  6.0044E-04  6.0044E-04  6.0044E-04
      10 -1.5646E-03 -1.4417E-03  2.8745E-02 -2.3655E-02 -3.3736E-02  2.3923E-02  9.2224E-04  1.6696E-03  1.9619E-03  1.9619E-03  1.9619E-03  1.9619E-03  1.9619E-03  1.9619E-03  1.9619E-03  1.9619E-03
30 12 9.0  13.0
5
   0.001 -1.6538E-04  1.6095E-04  4.8449E-04 -4.8813E-04 -9.5918E-04  9.4604E-04  1.0437E-04 -1.0225E-04  4.8129E-05  4.8129E-05  4.8129E-05  4.8129E-05  4.8129E-05  4.8129E-05  4.8129E-05  4.8129E-05
    0.01 -5.3631E-04  4.6798E-04  1.5338E-03 -1.5740E-03 -3.0554E-03  2.8996E-03  3.3897E-04 -2.9478E-04  1.5213E-04  1.5213E-04  1.5213E-04  1.5213E-04  1.5213E-04  1.5213E-04  1.5213E-04  1.5213E-04
     0.1 -1.7233E-03  8.0925E-04  4.9663E-03 -5.1732E-03 -9.3775E-03  7.7585E-03  1.1120E-03 -5.5524E-04  4.6712E-04  4.6712E-04  4.6712E-04  4.6712E-04  4.6712E-04  4.6712E-04  4.6712E-04  4.6712E-04
       1 -2.6901E-03 -5.7624E-04  1.5439E-02 -1.7129E-02 -2.4738E-02  2.2585E-02  1.4737E-03  7.7487E-04  1.3896E-03  1.3896E-03  1.3896E-03  1.3896E-03  1.3896E-03  1.3896E-03  1.3896E-03  1.3896E-03
      10  6.8785E-04 -2.8010E-03  4.7767E-02 -7.2546E-02 -6.7896E-02  8.2095E-02 -1.9161E-03 -1.3076E-03  4.8098E-03  4.8098E-03  4.8098E-03  4.8098E-03  4.8098E-03  4.8098E-03  4.8098E-03  4.8098E-03
31 1 13.0  -13.0
5
   0.001  2.0917E-04 -1.9705E-04  6.2758E-04 -6.2521E-04 -7.5614E-04  7.4840E-04 -9.1436E-05  8.3099E-05  4.8540E-05  4.8540E-05  4.8540E-05  4.8540E-05  4.8540E-05  4.8540E-05  4.8540E-05  4.8540E-05
    0.01  6.7207E-04 -5.4216E-04  1.9841E-03 -1.9723E-03 -2.3974E-03  2.3231E-03 -2.8462E-04  2.1690E-04  1.5280E-04  1.5280E-04  1.5280E-04  1.5280E-04  1.5280E-04  1.5280E-04  1.5280E-04  1.5280E-04
     0.1  2.0431E-03 -4.9833E-04  6.3136E-03 -6.0964E-03 -7.3736E-03  6.6964E-03 -8.4587E-04  2.0819E-04  4.6749E-04  4.6749E-04  4.6749E-04  4.6749E-04  4.6749E-04  4.6749E-04  4.6749E-04  4.6749E-04
       1  1.7323E-03  2.2091E-03  1.8650E-02 -1.9223E-02 -2.0908E-02  2.1568E-02 -3.8088E-04 -1.3336E-03  1.4182E-03  1.4182E-03  1.4182E-03  1.4182E-03  1.4182E-03  1.4182E-03  1.4182E-03  1.4182E-03
      10 -3.1397E-03  7.3898E-03  5.9915E-02 -6.9341E-02 -6.2977E-02  8.5175E-02  2.3336E-03  2.6055E-04  4.9263E-03  4.9263E-03  4.9263E-03  4.9263E-03  4.9263E-03  4.9263E-03  4.9263E-03  4.9263E-03
32 2 13.0  -9.0
5
   0.001  3.6525E-04 -3.4829E-04  7.4335E-04 -7.4283E-04 -5.5174E-04  5.5440E-04 -8.1346E-05  7.4827E-05  4.5331E-05  4.5331E-05  4.5331E-05  4.5331E-05  4.5331E-05  4.5331E-05  4.5331E-05  4.5331E-05
    0.01  1.1719E-03 -9.8625E-04  2.3570E-03 -2.3559E-03 -1.7519E-03  1.7782E-03 -2.5508E-04  1.9990E-04  1.4421E-04  1.4421E-04  1.4421E-04  1.4421E-04  1.4421E-04  1.4421E-04  1.4421E-04  1.4421E-04
     0.1  3.5819E-03 -1.3816E-03  7.6369E-03 -7.2081E-03 -5.5500E-03  5.6290E-03 -7.7673E-04  2.1925E-04  4.5556E-04  4.5556E-04  4.5556E-04  4.5556E-04  4.5556E-04  4.5556E-04  4.5556E-04  4.5556E-04
       1  4.6741E-03  1.0989E-03  2.1961E-02 -2.1311E-02 -1.7178E-02  1.9203E-02 -5.0664E-04 -1.3611E-03  1.4040E-03  1.4040E-03  1.4040E-03  1.4040E-03  1.4040E-03  1.4040E-03  1.4040E-03  1.4040E-03
      10 -5.1338E-04  3.9295E-03  6.4722E-02 -7.8487E-02 -4.9817E-02  8.0587E-02  5.6469E-03  2.2343E-03  4.9087E-03  4.9087E-03  4.9087E-03  4.9087E-03  4.9087E-03  4.9087E-03  4.9087E-03  4.9087E-03
33 3 13.0  -5.0
5
   0.001  1.7793E-04 -1.6949E-04  7.4804E-04 -7.5579E-04 -3.9174E-04  4.0370E-04 -2.9069E-05  2.4491E-05  3.8671E-05  3.8671E-05  3.8671E-05  3.8671E-05  3.8671E-05  3.8671E-05  3.8671E-05  3.8671E-05
    0.01  5.7152E-04 -4.8194E-04  2.3800E-03 -2.4472E-03 -1.2463E-03  1.3633E-03 -9.1893E-05  5.0565E-05  1.2555E-04  1.2555E-04  1.2555E-04  1.2555E-04  1.2555E-04  1.2555E-04  1.2555E-04  1.2555E-04
     0.1  1.7451E-03 -6.1433E-04  7.8760E-03 -7.8095E-03 -4.1520E-03  4.9180E-03 -2.9138E-04 -1.7776E-04  4.2245E-04  4.2245E-04  4.2245E-04  4.2245E-04  4.2245E-04  4.2245E-04  4.2245E-04  4.2245E-04
       1  1.9385E-03  3.5876E-04  2.3616E-02 -2.4283E-02 -1.4571E-02  1.7885E-02  1.8161E-04 -2.8610E-03  1.3977E-03  1.3977E-03  1.3977E-03  1.3977E-03  1.3977E-03  1.3977E-03  1.3977E-03  1.3977E-03
      10 -4.9051E-04 -9.0693E-04  7.1123E-02 -8.8975E-02 -4.6577E-02  7.5963E-02  7.0885E-03 -1.4321E-02  5.0373E-03  5.0373E-03  5.0373E-03  5.0373E-03  5.0373E-03  5.0373E-03  5.0373E-03  5.0373E-03
34 4 13.0  5.0
5
   0.001 -1.8579E-04  1.7664E-04  7.4562E-04 -7.5152E-04 -4.0014E-04  4.1338E-04  2.5891E-05 -2.3784E-05  3.9021E-05  3.9021E-05  3.9021E-05  3.9021E-05  3.9021E-05  3.9021E-05  3.9021E-05  3.9021E-05
    0.01 -6.0107E-04  4.8165E-04  2.3712E-03 -2.4173E-03 -1.2742E-03  1.4014E-03  8.5547E-05 -5.4031E-05  1.2663E-04  1.2663E-04  1.2663E-04  1.2663E-04  1.2663E-04  1.2663E-04  1.2663E-04  1.2663E-04
     0.1 -1.7971E-03  5.5689E-04  7.7612E-03 -7.6373E-03 -4.2539E-03  5.1024E-03  2.6701E-04  6.7642E-05  4.2525E-04  4.2525E-04  4.2525E-04  4.2525E-04  4.2525E-04  4.2525E-04  4.2525E-04  4.2525E-04
       1 -1.9367E-03 -1.1352E-03  2.3074E-02 -2.4170E-02 -1.4999E-02  1.8786E-02 -1.0517E-04  1.7272E-03  1.4171E-03  1.4171E-03  1.4171E-03  1.4171E-03  1.4171E-03  1.4171E-03  1.4171E-03  1.4171E-03
      10 -2.6534E-03 -7.7081E-03  7.1203E-02 -9.0935E-02 -4.8275E-02  8.1998E-02 -1.9152E-03  5.6894E-03  5.2416E-03  5.2416E-03  5.2416E-03  5.2416E-03  5.2416E-03  5.2416E-03  5.2416E-03  5.2416E-03
35 5 13.0  9.0
5
   0.001 -3.0753E-04  2.9417E-04  7.2994E-04 -7.2962E-04 -5.1280E-04  5.1678E-04  7.7007E-05 -7.1327E-05  4.3341E-05  4.3341E-05  4.3341E-05  4.3341E-05  4.3341E-05  4.3341E-05  4.3341E-05  4.3341E-05
    0.01 -9.9396E-04  8.2102E-04  2.3159E-03 -2.3073E-03 -1.6317E-03  1.6641E-03  2.4734E-04 -1.7908E-04  1.3801E-04  1.3801E-04  1.3801E-04  1.3801E-04  1.3801E-04  1.3801E-04  1.3801E-04  1.3801E-04
     0.1 -3.0355E-03  1.1008E-03  7.4535E-03 -7.0505E-03 -5.2018E-03  5.2991E-03  7.4929E-04 -8.2375E-05  4.3642E-04  4.3642E-04  4.3642E-04  4.3642E-04  4.3642E-04  4.3642E-04  4.3642E-04  4.3642E-04
       1 -3.6985E-03 -1.5152E-03  2.1572E-02 -2.1255E-02 -1.6246E-02  1.7995E-02  4.2442E-04  2.5665E-03  1.3548E-03  1.3548E-03  1.3548E-03  1.3548E-03  1.3548E-03  1.3548E-03  1.3548E-03  1.3548E-03
      10 -8.5462E-04 -7.9173E-03  6.5065E-02 -7.8312E-02 -5.1419E-02  7.0631E-02 -6.1937E-03  9.6428E-03  4.7157E-03  4.7157E-03  4.7157E-03  4.7157E-03  4.7157E-03  4.7157E-03  4.7157E-03  4.7157E-03
36 6 13.0  13.0
5
   0.001 -2.2569E-04  2.1626E-04  6.3593E-04 -6.3511E-04 -7.4631E-04  7.3944E-04  9.0647E-05 -8.5042E-05  4.8586E-05  4.8586E-05  4.8586E-05  4.8586E-05  4.8586E-05  4.8586E-05  4.8586E-05  4.8586E-05
    0.01 -7.3121E-04  6.0391E-04  2.0116E-03 -2.0088E-03 -2.3703E-03  2.2956E-03  2.9021E-04 -2.2061E-04  1.5314E-04  1.5314E-04  1.5314E-04  1.5314E-04  1.5314E-04  1.5314E-04  1.5314E-04  1.5314E-04
     0.1 -2.2427E-03  7.9072E-04  6.3775E-03 -6.2874E-03 -7.2839E-03  6.5999E-03  8.5071E-04 -2.3987E-04  4.6912E-04  4.6912E-04  4.6912E-04  4.6912E-04  4.6912E-04  4.6912E-04  4.6912E-04  4.6912E-04
       1 -2.5980E-03 -1.1385E-03  1.8840E-02 -2.0924E-02 -2.0345E-02  2.1735E-02  6.1352E-04  1.2720E-03  1.4476E-03  1.4476E-03  1.4476E-03  1.4476E-03  1.4476E-03  1.4476E-03  1.4476E-03  1.4476E-03
      10  7.4231E-04 -4.1108E-03  5.8922E-02 -8.6274E-02 -6.1217E-02  8.7075E-02 -1.8609E-03  1.2703E-03  5.2726E-03  5.2726E-03  5.2726E-03  5.2726E-03  5.2726E-03  5.2726E-03  5.2726E-03  5.2726E-03
ADDITIONAL_OUTPUT_POINTS 36
-13.0 -13.0 0.0 
-13.0 -9.0 0.0 
-13.0 -5.0 0.0 
-13.0 5.0 0.0 
-13.0 9.0 0.0 
-13.0 13.0 0.0 
-9.0 -13.0 0.0 
-9.0 -9.0 0.0 
-9.0 -5.0 0.0 
-9.0 5.0 0.0 
-9.0 9.0 0.0 
-9.0 13.0 0.0 
-5.0 -13.0 0.0 
-5.0 -9.0 0.0 
-5.0 -5.0 0.0 
-5.0 5.0 0.0 
-5.0 9.0 0.0 
-5.0 13.0 0.0 
5.0 -13.0 0.0 
5.0 -9.0 0.0 
5.0 -5.0 0.0 
5.0 5.0 0.0 
5.0 9.0 0.0 
5.0 13.0 0.0 
9.0 -13.0 0.0 
9.0 -9.0 0.0 
9.0 -5.0 0.0 
9.0 5.0 0.0 
9.0 9.0 0.0 
9.0 13.0 0.0 
13.0 -13.0 0.0 
13.0 -9.0 0.0 
13.0 -5.0 0.0 
13.0 5.0 0.0 
13.0 9.0 0.0 
13.0 13.0 0.0 
END
